101 0 ZF207-149-266 1
101 0 ZF207-149-274 1
101 0 ZF207-258-918 1
101 0 ZF207-311-390 1
101 0 ZF207-326-506 1
101 0 ZF207-592-310 1
102 0 ZF108-248-902 1
102 0 ZF108-785-010 1
106 0 ZF207-328-223 1
106 0 ZF108-261-822 1
106 0 ZF108-454-554 1
108 0 ZF207-231-868 1
108 0 ZF207-252-997 1
108 0 ZF207-276-820 1
108 0 ZF207-328-594 1
108 0 ZF207-341-136 1
108 0 ZF207-407-464 1
108 0 ZF207-453-560 1
108 0 ZF207-510-142 1
108 0 ZF207-631-885 1
108 0 ZF207-632-751 1
108 0 ZF207-646-708 1
108 0 ZF207-749-168 1
108 0 ZF207-832-972 1
108 0 ZF207-833-670 1
108 0 ZF207-873-142 1
108 0 ZF107-933-838 1
108 0 ZF207-951-242 1
108 0 ZF107-952-434 1
108 0 ZF108-008-010 1
108 0 ZF108-098-944 1
108 0 ZF108-173-946 1
108 0 ZF108-192-654 1
108 0 ZF108-243-173 1
108 0 ZF108-243-468 1
108 0 ZF108-262-114 1
108 0 ZF108-301-738 1
108 0 ZF108-355-992 1
108 0 ZF108-515-650 1
108 0 ZF108-591-710 1
108 0 ZF108-631-316 1
108 0 ZF108-631-352 1
108 0 ZF108-648-062 1
108 0 ZF108-717-368 1
108 0 ZF108-780-601 1
108 0 ZF109-473-259 1
108 0 ZF109-716-169 1
109 0 ZF206-962-246 1
109 0 ZF206-963-024 1
109 0 ZF206-973-320 1
109 0 ZF206-973-582 1
109 0 ZF207-057-526 1
109 0 ZF207-059-500 1
109 0 ZF207-069-624 1
109 0 ZF207-070-344 1
109 0 ZF207-071-432 1
109 0 ZF207-076-082 1
109 0 ZF207-076-144 1
109 0 ZF207-077-996 1
109 0 ZF207-081-986 1
109 0 ZF207-082-558 1
109 0 ZF207-082-892 1
109 0 ZF207-086-820 1
109 0 ZF207-087-924 1
109 0 ZF207-092-928 1
109 0 ZF207-095-896 1
109 0 ZF207-096-628 1
109 0 ZF207-098-292 1
109 0 ZF207-099-446 1
109 0 ZF207-099-914 1
109 0 ZF207-100-742 1
109 0 ZF207-127-296 1
109 0 ZF207-128-866 1
109 0 ZF207-131-284 1
109 0 ZF207-131-334 1
109 0 ZF207-131-362 1
109 0 ZF207-136-274 1
109 0 ZF207-147-886 1
109 0 ZF207-158-244 1
109 0 ZF207-171-712 1
109 0 ZF207-172-510 1
109 0 ZF207-175-560 1
109 0 ZF207-177-146 1
109 0 ZF207-187-446 1
109 0 ZF207-200-740 1
109 0 ZF207-202-704 1
109 0 ZF207-205-112 1
109 0 ZF207-210-338 1
109 0 ZF207-218-514 1
109 0 ZF207-218-980 1
109 0 ZF207-224-224 1
109 0 ZF207-225-322 1
109 0 ZF207-226-574 1
109 0 ZF207-242-982 1
109 0 ZF207-244-398 1
109 0 ZF207-251-910 1
109 0 ZF207-255-504 1
109 0 ZF207-258-758 1
109 0 ZF207-259-552 1
109 0 ZF207-269-315 1
109 0 ZF207-270-415 1
109 0 ZF207-276-384 1
109 0 ZF207-276-412 1
109 0 ZF207-277-898 1
109 0 ZF207-281-600 1
109 0 ZF207-282-328 1
109 0 ZF207-285-103 1
109 0 ZF207-285-360 1
109 0 ZF207-292-383 1
109 0 ZF207-293-618 1
109 0 ZF207-295-505 1
109 0 ZF207-301-565 1
109 0 ZF207-309-073 1
109 0 ZF207-310-364 1
109 0 ZF207-312-862 1
109 0 ZF207-313-958 1
109 0 ZF207-315-007 1
109 0 ZF207-315-495 1
109 0 ZF207-317-361 1
109 0 ZF207-317-697 1
109 0 ZF207-317-861 1
109 0 ZF207-319-391 1
109 0 ZF207-322-210 1
109 0 ZF207-323-583 1
109 0 ZF207-328-349 1
109 0 ZF207-330-063 1
109 0 ZF207-332-966 1
109 0 ZF207-334-163 1
109 0 ZF207-335-078 1
109 0 ZF207-335-538 1
109 0 ZF207-337-819 1
109 0 ZF207-339-228 1
109 0 ZF207-340-266 1
109 0 ZF207-340-333 1
109 0 ZF207-341-052 1
109 0 ZF207-350-870 1
109 0 ZF207-351-213 1
109 0 ZF207-358-628 1
109 0 ZF207-364-828 1
109 0 ZF207-365-206 1
109 0 ZF207-367-190 1
109 0 ZF207-372-110 1
109 0 ZF207-376-640 1
109 0 ZF207-387-760 1
109 0 ZF207-388-468 1
109 0 ZF207-407-354 1
109 0 ZF207-411-386 1
109 0 ZF207-436-826 1
109 0 ZF207-449-348 1
109 0 ZF207-462-068 1
109 0 ZF207-488-356 1
109 0 ZF207-519-378 1
109 0 ZF207-528-345 1
109 0 ZF207-532-708 1
109 0 ZF207-535-824 1
109 0 ZF207-537-164 1
109 0 ZF207-547-974 1
109 0 ZF207-548-050 1
109 0 ZF207-560-580 1
109 0 ZF207-573-312 1
109 0 ZF207-577-200 1
109 0 ZF207-583-215 1
109 0 ZF207-606-988 1
109 0 ZF207-621-982 1
109 0 ZF207-626-149 1
109 0 ZF207-629-594 1
109 0 ZF207-640-452 1
109 0 ZF207-641-264 1
109 0 ZF207-668-212 1
109 0 ZF207-674-218 1
109 0 ZF207-675-254 1
109 0 ZF207-705-542 1
109 0 ZF207-735-146 1
109 0 ZF207-743-026 1
109 0 ZF207-749-556 1
109 0 ZF207-751-300 1
109 0 ZF207-755-876 1
109 0 ZF207-758-052 1
109 0 ZF207-758-242 1
109 0 ZF207-759-450 1
109 0 ZF207-762-701 1
109 0 ZF207-772-742 1
109 0 ZF207-795-950 1
109 0 ZF207-800-042 1
109 0 ZF207-800-794 1
109 0 ZF207-801-052 1
109 0 ZF207-811-798 1
109 0 ZF207-819-174 1
109 0 ZF207-825-942 1
109 0 ZF207-826-926 1
109 0 ZF207-827-314 1
109 0 ZF207-827-416 1
109 0 ZF207-833-384 1
109 0 ZF207-835-072 1
109 0 ZF207-842-382 1
109 0 ZF207-842-656 1
109 0 ZF207-848-622 1
109 0 ZF207-848-976 1
109 0 ZF207-853-398 1
109 0 ZF207-853-438 1
109 0 ZF207-863-132 1
109 0 ZF207-864-386 1
109 0 ZF207-865-170 1
109 0 ZF207-865-186 1
109 0 ZF207-865-198 1
109 0 ZF207-869-484 1
109 0 ZF207-873-124 1
109 0 ZF207-873-264 1
109 0 ZF207-880-462 1
109 0 ZF207-880-560 1
109 0 ZF207-881-782 1
109 0 ZF207-882-430 1
109 0 ZF207-885-158 1
109 0 ZF207-892-224 1
109 0 ZF107-894-806 1
109 0 ZF207-900-144 1
109 0 ZF207-900-702 1
109 0 ZF207-911-624 1
109 0 ZF207-912-262 1
109 0 ZF207-912-896 1
109 0 ZF107-913-738 1
109 0 ZF107-916-012 1
109 0 ZF107-917-064 1
109 0 ZF107-922-186 1
109 0 ZF107-922-734 1
109 0 ZF207-928-576 1
109 0 ZF207-930-054 1
109 0 ZF107-934-934 1
109 0 ZF107-935-830 1
109 0 ZF107-937-600 1
109 0 ZF107-938-278 1
109 0 ZF107-938-398 1
109 0 ZF207-945-632 1
109 0 ZF107-952-298 1
109 0 ZF107-955-902 1
109 0 ZF107-961-814 1
109 0 ZF107-962-170 1
109 0 ZF107-966-686 1
109 0 ZF107-969-998 1
109 0 ZF107-971-790 1
109 0 ZF107-971-820 1
109 0 ZF107-972-072 1
109 0 ZF107-975-320 1
109 0 ZF107-977-688 1
109 0 ZF107-979-060 1
109 0 ZF107-987-106 1
109 0 ZF107-987-332 1
109 0 ZF108-013-548 1
109 0 ZF208-018-378 1
109 0 ZF108-029-580 1
109 0 ZF108-029-618 1
109 0 ZF108-029-620 1
109 0 ZF108-029-688 1
109 0 ZF108-032-124 1
109 0 ZF108-033-654 1
109 0 ZF108-042-208 1
109 0 ZF108-048-316 1
109 0 ZF108-055-894 1
109 0 ZF108-056-040 1
109 0 ZF108-059-776 1
109 0 ZF108-065-226 1
109 0 ZF108-068-078 1
109 0 ZF108-069-350 1
109 0 ZF108-072-234 1
109 0 ZF108-080-128 1
109 0 ZF108-080-304 1
109 0 ZF108-080-326 1
109 0 ZF108-080-330 1
109 0 ZF108-080-338 1
109 0 ZF208-086-673 1
109 0 ZF208-086-767 1
109 0 ZF108-094-516 1
109 0 ZF108-094-572 1
109 0 ZF108-095-050 1
109 0 ZF108-097-470 1
109 0 ZF108-098-288 1
109 0 ZF108-102-502 1
109 0 ZF108-102-914 1
109 0 ZF108-102-920 1
109 0 ZF108-106-826 1
109 0 ZF108-107-092 1
109 0 ZF208-107-174 1
109 0 ZF108-107-434 1
109 0 ZF108-127-700 1
109 0 ZF108-135-962 1
109 0 ZF108-141-062 1
109 0 ZF108-146-734 1
109 0 ZF108-146-934 1
109 0 ZF108-146-950 1
109 0 ZF108-147-196 1
109 0 ZF108-147-336 1
109 0 ZF108-150-598 1
109 0 ZF108-152-024 1
109 0 ZF108-168-180 1
109 0 ZF108-171-864 1
109 0 ZF108-182-388 1
109 0 ZF108-194-944 1
109 0 ZF108-215-832 1
109 0 ZF108-215-978 1
109 0 ZF108-216-576 1
109 0 ZF108-218-932 1
109 0 ZF108-219-996 1
109 0 ZF108-222-900 1
109 0 ZF108-228-384 1
109 0 ZF108-232-584 1
109 0 ZF108-235-552 1
109 0 ZF108-243-658 1
109 0 ZF108-265-826 1
109 0 ZF108-266-330 1
109 0 ZF108-275-450 1
109 0 ZF108-276-412 1
109 0 ZF108-288-534 1
109 0 ZF108-292-058 1
109 0 ZF108-293-154 1
109 0 ZF108-298-984 1
109 0 ZF108-302-836 1
109 0 ZF108-302-924 1
109 0 ZF108-311-576 1
109 0 ZF108-314-830 1
109 0 ZF108-328-184 1
109 0 ZF108-330-808 1
109 0 ZF108-337-490 1
109 0 ZF108-342-310 1
109 0 ZF108-343-780 1
109 0 ZF108-356-702 1
109 0 ZF108-380-450 1
109 0 ZF108-397-596 1
109 0 ZF108-406-206 1
109 0 ZF108-444-838 1
109 0 ZF108-444-940 1
109 0 ZF108-445-606 1
109 0 ZF108-445-634 1
109 0 ZF108-449-192 1
109 0 ZF108-455-462 1
109 0 ZF108-458-308 1
109 0 ZF108-466-920 1
109 0 ZF108-468-648 1
109 0 ZF108-469-460 1
109 0 ZF108-479-368 1
109 0 ZF108-479-798 1
109 0 ZF108-480-754 1
109 0 ZF108-488-190 1
109 0 ZF108-495-794 1
109 0 ZF108-519-296 1
109 0 ZF108-538-184 1
109 0 ZF108-544-772 1
109 0 ZF108-546-890 1
109 0 ZF108-547-654 1
109 0 ZF108-559-322 1
109 0 ZF108-578-836 1
109 0 ZF108-581-232 1
109 0 ZF108-581-366 1
109 0 ZF108-583-224 1
109 0 ZF108-585-094 1
109 0 ZF108-590-192 1
109 0 ZF108-591-484 1
109 0 ZF108-593-120 1
109 0 ZF108-600-582 1
109 0 ZF108-603-628 1
109 0 ZF108-609-418 1
109 0 ZF108-615-334 1
109 0 ZF108-620-836 1
109 0 ZF108-632-494 1
109 0 ZF108-641-922 1
109 0 ZF108-648-050 1
109 0 ZF108-648-054 1
109 0 ZF108-670-792 1
109 0 ZF108-671-632 1
109 0 ZF108-679-482 1
109 0 ZF108-679-616 1
109 0 ZF108-679-720 1
109 0 ZF108-683-698 1
109 0 ZF108-684-012 1
109 0 ZF108-702-416 1
109 0 ZF108-709-064 1
109 0 ZF108-717-034 1
109 0 ZF108-720-208 1
109 0 ZF108-723-166 1
109 0 ZF108-723-182 1
109 0 ZF108-726-436 1
109 0 ZF108-730-950 1
109 0 ZF108-746-870 1
109 0 ZF108-755-596 1
109 0 ZF108-756-084 1
109 0 ZF108-758-638 1
109 0 ZF108-777-976 1
109 0 ZF108-780-350 1
109 0 ZF108-780-392 1
109 0 ZF108-781-314 1
109 0 ZF108-786-606 1
109 0 ZF108-789-638 1
109 0 ZF108-794-574 1
109 0 ZF108-802-278 1
109 0 ZF108-812-304 1
109 0 ZF108-818-734 1
109 0 ZF108-822-856 1
109 0 ZF108-824-578 1
109 0 ZF108-829-440 1
109 0 ZF108-841-536 1
109 0 ZF108-845-318 1
109 0 ZF108-845-492 1
109 0 ZF109-161-763 1
109 0 ZF109-170-001 1
109 0 ZF109-378-029 1
109 0 ZF109-415-255 1
109 0 ZF109-415-319 1
109 0 ZF109-424-125 1
109 0 ZF109-424-143 1
109 0 ZF109-424-167 1
109 0 ZF109-425-699 1
109 0 ZF109-425-769 1
109 0 ZF109-431-231 1
109 0 ZF109-432-405 1
109 0 ZF109-435-237 1
109 0 ZF109-435-257 1
109 0 ZF109-435-395 1
109 0 ZF109-436-325 1
109 0 ZF109-444-941 1
109 0 ZF109-446-613 1
109 0 ZF109-447-289 1
109 0 ZF109-447-453 1
109 0 ZF109-447-551 1
109 0 ZF109-447-695 1
109 0 ZF109-448-699 1
109 0 ZF109-449-349 1
109 0 ZF109-452-605 1
109 0 ZF109-452-965 1
109 0 ZF109-454-825 1
109 0 ZF109-454-937 1
109 0 ZF109-455-909 1
109 0 ZF109-457-897 1
109 0 ZF109-460-739 1
109 0 ZF109-460-935 1
109 0 ZF109-465-125 1
109 0 ZF109-468-303 1
109 0 ZF109-471-823 1
109 0 ZF109-477-325 1
109 0 ZF109-477-903 1
109 0 ZF109-477-927 1
109 0 ZF109-483-019 1
109 0 ZF109-485-439 1
109 0 ZF109-487-339 1
109 0 ZF109-488-805 1
109 0 ZF109-489-759 1
109 0 ZF109-498-035 1
109 0 ZF109-498-589 1
109 0 ZF109-498-887 1
109 0 ZF109-502-013 1
109 0 ZF109-502-097 1
109 0 ZF109-502-405 1
109 0 ZF109-503-421 1
109 0 ZF109-511-311 1
109 0 ZF109-512-881 1
109 0 ZF109-515-013 1
109 0 ZF109-515-407 1
109 0 ZF109-518-097 1
109 0 ZF109-518-369 1
109 0 ZF109-519-049 1
109 0 ZF209-519-319 1
109 0 ZF109-519-435 1
109 0 ZF109-519-651 1
109 0 ZF109-521-761 1
109 0 ZF209-522-811 1
109 0 ZF109-523-327 1
109 0 ZF109-523-607 1
109 0 ZF109-524-295 1
109 0 ZF109-525-879 1
109 0 ZF109-526-245 1
109 0 ZF109-526-643 1
109 0 ZF109-526-683 1
109 0 ZF109-533-093 1
109 0 ZF109-533-387 1
109 0 ZF109-534-103 1
109 0 ZF109-534-463 1
109 0 ZF109-536-929 1
109 0 ZF109-541-187 1
109 0 ZF109-543-373 1
109 0 ZF109-543-773 1
109 0 ZF109-543-807 1
109 0 ZF109-543-819 1
109 0 ZF109-544-593 1
109 0 ZF109-544-691 1
109 0 ZF209-545-275 1
109 0 ZF109-546-227 1
109 0 ZF109-548-105 1
109 0 ZF109-548-211 1
109 0 ZF109-548-429 1
109 0 ZF109-550-583 1
109 0 ZF109-550-623 1
109 0 ZF109-552-607 1
109 0 ZF109-553-053 1
109 0 ZF209-557-141 1
109 0 ZF109-558-669 1
109 0 ZF109-558-755 1
109 0 ZF109-558-929 1
109 0 ZF109-558-979 1
109 0 ZF109-559-723 1
109 0 ZF109-559-871 1
109 0 ZF109-560-415 1
109 0 ZF109-560-629 1
109 0 ZF109-561-207 1
109 0 ZF109-563-133 1
109 0 ZF109-564-631 1
109 0 ZF109-568-527 1
109 0 ZF109-572-397 1
109 0 ZF109-573-333 1
109 0 ZF109-573-375 1
109 0 ZF109-575-805 1
109 0 ZF109-575-807 1
109 0 ZF109-579-403 1
109 0 ZF109-579-633 1
109 0 ZF109-579-729 1
109 0 ZF109-580-149 1
109 0 ZF109-580-399 1
109 0 ZF109-580-689 1
109 0 ZF109-587-755 1
109 0 ZF109-588-995 1
109 0 ZF109-589-961 1
109 0 ZF109-593-361 1
109 0 ZF109-600-267 1
109 0 ZF109-600-517 1
109 0 ZF109-601-461 1
109 0 ZF109-601-665 1
109 0 ZF109-603-799 1
109 0 ZF109-605-145 1
109 0 ZF109-605-811 1
109 0 ZF109-615-001 1
109 0 ZF109-615-807 1
109 0 ZF109-615-857 1
109 0 ZF109-616-337 1
109 0 ZF109-617-593 1
109 0 ZF109-617-667 1
109 0 ZF109-619-343 1
109 0 ZF109-619-779 1
109 0 ZF109-619-861 1
109 0 ZF109-621-435 1
109 0 ZF109-624-419 1
109 0 ZF109-625-197 1
109 0 ZF109-628-433 1
109 0 ZF109-631-871 1
109 0 ZF109-632-501 1
109 0 ZF109-633-189 1
109 0 ZF109-634-807 1
109 0 ZF109-634-881 1
109 0 ZF109-635-597 1
109 0 ZF109-635-871 1
109 0 ZF109-636-969 1
109 0 ZF109-638-621 1
109 0 ZF109-640-579 1
109 0 ZF109-642-023 1
109 0 ZF109-646-539 1
109 0 ZF109-650-135 1
109 0 ZF109-650-163 1
109 0 ZF109-650-623 1
109 0 ZF109-654-463 1
109 0 ZF109-654-473 1
109 0 ZF109-656-947 1
109 0 ZF109-656-981 1
109 0 ZF109-656-995 1
109 0 ZF109-660-359 1
109 0 ZF109-660-993 1
109 0 ZF109-661-623 1
109 0 ZF109-661-785 1
109 0 ZF109-669-487 1
109 0 ZF109-670-729 1
109 0 ZF109-670-801 1
109 0 ZF109-673-119 1
109 0 ZF109-673-193 1
109 0 ZF109-673-587 1
109 0 ZF109-673-885 1
109 0 ZF109-675-591 1
109 0 ZF109-676-287 1
109 0 ZF109-676-591 1
109 0 ZF109-677-223 1
109 0 ZF109-677-239 1
109 0 ZF109-677-737 1
109 0 ZF109-679-525 1
109 0 ZF109-679-531 1
109 0 ZF109-681-349 1
109 0 ZF109-683-295 1
109 0 ZF109-684-163 1
109 0 ZF109-685-687 1
109 0 ZF109-689-023 1
109 0 ZF109-689-115 1
109 0 ZF109-691-323 1
109 0 ZF109-691-961 1
109 0 ZF109-695-603 1
109 0 ZF109-695-861 1
109 0 ZF109-696-327 1
109 0 ZF109-698-327 1
109 0 ZF109-713-723 1
109 0 ZF109-715-991 1
109 0 ZF109-716-175 1
109 0 ZF109-721-445 1
109 0 ZF109-722-775 1
109 0 ZF109-723-181 1
109 0 ZF109-723-319 1
109 0 ZF109-732-869 1
109 0 ZF209-821-063 1
109 0 ZF109-831-145 1
109 0 ZF109-848-189 1
109 0 ZF109-848-197 1
109 0 ZF109-848-199 1
109 0 ZF110-438-387 1
109 0 ZF110-439-265 1
109 0 ZF110-439-345 1
109 0 ZF110-439-375 1
110 0 ZF207-905-658 1
111 0 ZF207-537-796 1
111 0 ZF207-912-350 1
112 0 ZF207-714-478 1
112 0 ZF207-936-496 1
112 0 ZF108-136-258 1
112 0 ZF108-210-274 1
112 0 ZF108-634-308 1
113 0 ZF207-082-162 1
113 0 ZF207-098-300 1
113 0 ZF207-122-540 1
113 0 ZF207-142-166 1
113 0 ZF207-143-084 1
113 0 ZF207-144-408 1
113 0 ZF207-146-216 1
113 0 ZF207-158-690 1
113 0 ZF207-191-482 1
113 0 ZF207-196-574 1
113 0 ZF207-213-986 1
113 0 ZF207-245-917 1
113 0 ZF207-248-187 1
113 0 ZF207-258-796 1
113 0 ZF207-329-981 1
113 0 ZF207-335-953 1
113 0 ZF207-373-060 1
113 0 ZF207-384-302 1
113 0 ZF207-411-574 1
113 0 ZF207-439-776 1
113 0 ZF207-495-896 1
113 0 ZF207-530-146 1
113 0 ZF207-530-928 1
113 0 ZF207-532-708 1
113 0 ZF207-559-284 1
113 0 ZF207-574-056 1
113 0 ZF207-634-246 1
113 0 ZF207-701-790 1
113 0 ZF207-705-404 1
113 0 ZF207-722-450 1
113 0 ZF207-735-514 1
113 0 ZF207-745-156 1
113 0 ZF207-759-078 1
113 0 ZF207-879-080 1
113 0 ZF207-881-986 1
113 0 ZF207-894-646 1
113 0 ZF207-899-246 1
113 0 ZF207-904-186 1
113 0 ZF107-922-760 1
113 0 ZF107-942-400 1
113 0 ZF107-956-672 1
113 0 ZF207-971-710 1
113 0 ZF107-972-058 1
113 0 ZF107-991-174 1
113 0 ZF108-073-386 1
113 0 ZF108-078-118 1
113 0 ZF108-080-308 1
113 0 ZF108-089-390 1
113 0 ZF108-107-518 1
113 0 ZF208-128-836 1
113 0 ZF108-128-998 1
113 0 ZF108-156-592 1
113 0 ZF108-157-344 1
113 0 ZF108-161-360 1
113 0 ZF108-168-168 1
113 0 ZF108-186-326 1
113 0 ZF108-201-310 1
113 0 ZF108-207-658 1
113 0 ZF108-209-688 1
113 0 ZF108-216-772 1
113 0 ZF108-223-486 1
113 0 ZF208-223-632 1
113 0 ZF108-228-226 1
113 0 ZF108-247-690 1
113 0 ZF108-248-326 1
113 0 ZF108-263-198 1
113 0 ZF108-265-404 1
113 0 ZF108-265-826 1
113 0 ZF108-270-728 1
113 0 ZF108-289-324 1
113 0 ZF108-299-018 1
113 0 ZF108-415-538 1
113 0 ZF108-429-984 1
113 0 ZF108-454-450 1
113 0 ZF108-457-056 1
113 0 ZF108-469-858 1
113 0 ZF108-546-890 1
113 0 ZF108-573-482 1
113 0 ZF108-594-894 1
113 0 ZF108-607-636 1
113 0 ZF108-615-822 1
113 0 ZF108-616-538 1
113 0 ZF108-627-904 1
113 0 ZF108-642-190 1
113 0 ZF108-659-678 1
113 0 ZF108-661-308 1
113 0 ZF108-673-652 1
113 0 ZF108-719-084 1
113 0 ZF108-755-560 1
113 0 ZF108-780-294 1
113 0 ZF108-780-492 1
113 0 ZF108-802-286 1
113 0 ZF109-102-121 1
113 0 ZF109-420-533 1
113 0 ZF109-424-133 1
113 0 ZF109-427-949 1
113 0 ZF109-427-953 1
113 0 ZF109-427-955 1
113 0 ZF109-452-071 1
113 0 ZF109-454-349 1
113 0 ZF109-454-677 1
113 0 ZF109-485-571 1
113 0 ZF109-496-587 1
113 0 ZF109-496-771 1
113 0 ZF109-498-115 1
113 0 ZF109-498-561 1
113 0 ZF109-500-101 1
113 0 ZF109-507-191 1
113 0 ZF109-507-269 1
113 0 ZF109-507-725 1
113 0 ZF109-512-513 1
113 0 ZF109-518-373 1
113 0 ZF109-532-843 1
113 0 ZF109-537-419 1
113 0 ZF109-561-093 1
113 0 ZF109-563-631 1
113 0 ZF109-575-953 1
113 0 ZF109-580-805 1
113 0 ZF109-616-337 1
113 0 ZF109-617-719 1
113 0 ZF109-632-631 1
113 0 ZF109-685-127 1
113 0 ZF109-694-599 1
113 0 ZF109-699-175 1
113 0 ZF109-848-189 1
113 0 ZF109-848-199 1
114 0 ZF207-068-408 1
114 0 ZF207-340-339 1
114 0 ZF207-453-606 1
115 0 ZF207-592-522 1
115 0 ZF208-117-117 1
117 0 ZF207-082-146 1
117 0 ZF207-131-284 1
117 0 ZF207-242-720 1
117 0 ZF207-244-978 1
117 0 ZF207-245-166 1
117 0 ZF207-248-769 1
117 0 ZF207-297-151 1
117 0 ZF207-299-896 1
117 0 ZF207-326-459 1
117 0 ZF207-333-595 1
117 0 ZF207-335-328 1
117 0 ZF207-348-249 1
117 0 ZF207-370-554 1
117 0 ZF207-515-262 1
117 0 ZF207-560-318 1
117 0 ZF207-629-882 1
117 0 ZF207-632-150 1
117 0 ZF207-662-506 1
117 0 ZF207-686-608 1
117 0 ZF207-725-868 1
117 0 ZF207-726-074 1
117 0 ZF207-759-000 1
117 0 ZF207-764-623 1
117 0 ZF207-789-706 1
117 0 ZF207-798-696 1
117 0 ZF207-883-728 1
117 0 ZF207-890-700 1
117 0 ZF207-895-242 1
117 0 ZF207-895-432 1
117 0 ZF207-916-044 1
117 0 ZF107-922-476 1
117 0 ZF107-937-506 1
117 0 ZF207-947-544 1
117 0 ZF107-956-028 1
117 0 ZF107-956-748 1
117 0 ZF107-965-772 1
117 0 ZF107-972-102 1
117 0 ZF107-983-716 1
117 0 ZF108-017-364 1
117 0 ZF208-034-156 1
117 0 ZF108-043-240 1
117 0 ZF108-043-532 1
117 0 ZF108-050-536 1
117 0 ZF108-053-784 1
117 0 ZF108-054-618 1
117 0 ZF108-055-660 1
117 0 ZF108-058-586 1
117 0 ZF108-060-624 1
117 0 ZF108-067-754 1
117 0 ZF108-077-782 1
117 0 ZF108-089-390 1
117 0 ZF108-094-582 1
117 0 ZF108-107-542 1
117 0 ZF108-154-530 1
117 0 ZF108-174-018 1
117 0 ZF108-186-900 1
117 0 ZF208-254-070 1
117 0 ZF108-262-224 1
117 0 ZF108-262-992 1
117 0 ZF108-263-938 1
117 0 ZF108-265-826 1
117 0 ZF108-266-168 1
117 0 ZF108-271-266 1
117 0 ZF108-280-148 1
117 0 ZF108-296-436 1
117 0 ZF108-298-732 1
117 0 ZF108-314-932 1
117 0 ZF108-314-984 1
117 0 ZF108-316-338 1
117 0 ZF108-355-662 1
117 0 ZF108-359-148 1
117 0 ZF108-362-818 1
117 0 ZF108-411-068 1
117 0 ZF108-433-012 1
117 0 ZF108-444-280 1
117 0 ZF108-468-814 1
117 0 ZF108-559-034 1
117 0 ZF108-559-396 1
117 0 ZF108-582-056 1
117 0 ZF108-594-894 1
117 0 ZF108-609-458 1
117 0 ZF108-643-378 1
117 0 ZF108-648-054 1
117 0 ZF108-661-308 1
117 0 ZF108-664-576 1
117 0 ZF108-669-618 1
117 0 ZF108-673-652 1
117 0 ZF108-677-716 1
117 0 ZF108-680-038 1
117 0 ZF108-683-698 1
117 0 ZF108-701-880 1
117 0 ZF108-719-510 1
117 0 ZF108-721-320 1
117 0 ZF108-751-476 1
117 0 ZF108-752-366 1
117 0 ZF108-753-310 1
117 0 ZF108-755-550 1
117 0 ZF108-780-546 1
117 0 ZF108-783-266 1
117 0 ZF108-785-104 1
117 0 ZF109-109-364 1
117 0 ZF109-416-281 1
117 0 ZF109-420-533 1
117 0 ZF109-425-603 1
117 0 ZF109-426-461 1
117 0 ZF109-428-915 1
117 0 ZF109-430-049 1
117 0 ZF109-448-705 1
117 0 ZF109-451-129 1
117 0 ZF109-451-365 1
117 0 ZF109-462-215 1
117 0 ZF109-478-123 1
117 0 ZF109-485-475 1
117 0 ZF109-485-525 1
117 0 ZF109-511-749 1
117 0 ZF109-512-293 1
117 0 ZF109-519-273 1
117 0 ZF109-527-677 1
117 0 ZF109-532-049 1
117 0 ZF109-532-091 1
117 0 ZF109-544-617 1
117 0 ZF109-552-607 1
117 0 ZF109-571-223 1
117 0 ZF109-572-787 1
117 0 ZF109-583-107 1
117 0 ZF109-604-013 1
117 0 ZF109-616-209 1
117 0 ZF109-620-543 1
117 0 ZF109-623-169 1
117 0 ZF109-628-639 1
117 0 ZF109-644-453 1
117 0 ZF109-645-975 1
117 0 ZF109-661-623 1
117 0 ZF109-669-441 1
117 0 ZF109-669-493 1
117 0 ZF109-673-013 1
117 0 ZF109-679-779 1
117 0 ZF109-679-963 1
117 0 ZF109-683-517 1
117 0 ZF109-699-011 1
117 0 ZF109-699-239 1
117 0 ZF109-702-363 1
117 0 ZF109-702-379 1
117 0 ZF109-715-197 1
117 0 ZF109-720-133 1
117 0 ZF109-723-427 1
117 0 ZF109-766-179 1
117 0 ZF109-766-193 1
119 0 ZF207-292-475 1
119 0 ZF207-297-194 1
119 0 ZF108-784-824 1
119 0 ZF109-532-917 1
120 0 ZF207-746-715 1
120 0 ZF208-249-044 1
121 0 ZF207-908-776 1
121 0 ZF108-270-494 1
121 0 ZF108-305-768 1
121 0 ZF108-386-296 1
121 0 ZF108-556-044 1
122 0 ZF207-561-396 1
122 0 ZF107-975-858 1
123 0 ZF207-344-647 1
123 0 ZF107-887-370 1
123 0 ZF108-002-530 1
123 0 ZF108-111-880 1
123 0 ZF108-611-046 1
123 0 ZF108-753-074 1
123 0 ZF109-695-551 1
123 0 ZF109-732-827 1
124 0 ZF207-339-630 1
124 0 ZF207-555-946 1
124 0 ZF107-975-858 1
124 0 ZF208-107-184 1
124 0 ZF108-344-035 1
124 0 ZF109-290-268 1
128 0 ZF207-095-234 1
128 0 ZF207-131-334 1
128 0 ZF207-203-690 1
128 0 ZF207-220-366 1
128 0 ZF207-220-744 1
128 0 ZF207-268-627 1
128 0 ZF207-335-884 1
128 0 ZF207-339-066 1
128 0 ZF207-364-872 1
128 0 ZF207-578-204 1
128 0 ZF207-661-896 1
128 0 ZF207-889-080 1
128 0 ZF207-914-064 1
128 0 ZF108-064-234 1
128 0 ZF208-067-082 1
128 0 ZF108-222-970 1
128 0 ZF108-289-660 1
128 0 ZF108-300-856 1
128 0 ZF108-325-224 1
128 0 ZF108-516-468 1
128 0 ZF108-573-214 1
128 0 ZF108-599-774 1
128 0 ZF108-636-150 1
128 0 ZF108-636-550 1
128 0 ZF108-686-366 1
128 0 ZF108-801-080 1
128 0 ZF108-812-872 1
128 0 ZF108-826-826 1
128 0 ZF109-425-603 1
128 0 ZF109-461-701 1
128 0 ZF109-485-549 1
128 0 ZF109-486-867 1
128 0 ZF109-507-547 1
128 0 ZF109-519-559 1
128 0 ZF109-527-115 1
128 0 ZF109-604-967 1
128 0 ZF109-621-345 1
128 0 ZF109-656-819 1
128 0 ZF109-665-161 1
128 0 ZF109-665-431 1
128 0 ZF109-665-503 1
128 0 ZF109-761-469 1
128 0 ZF110-473-500 1
129 0 ZF207-097-950 1
129 0 ZF207-108-660 1
129 0 ZF207-569-222 1
129 0 ZF207-623-023 1
129 0 ZF207-661-666 1
129 0 ZF108-049-674 1
130 0 ZF207-501-108 1
132 0 ZF207-331-184 1
132 0 ZF207-471-006 1
133 0 ZF207-082-018 1
133 0 ZF107-962-012 1
133 0 ZF108-218-966 1
133 0 ZF108-325-110 1
133 0 ZF108-354-818 1
133 0 ZF108-368-882 1
133 0 ZF108-405-944 1
133 0 ZF108-440-476 1
133 0 ZF108-441-702 1
133 0 ZF108-474-306 1
133 0 ZF108-528-266 1
133 0 ZF108-541-214 1
133 0 ZF108-631-334 1
133 0 ZF108-637-274 1
133 0 ZF108-662-048 1
133 0 ZF108-677-600 1
133 0 ZF108-685-652 1
133 0 ZF108-685-692 1
133 0 ZF108-699-830 1
133 0 ZF108-701-080 1
133 0 ZF108-715-696 1
133 0 ZF108-767-300 1
133 0 ZF109-451-271 1
133 0 ZF109-451-559 1
133 0 ZF109-485-373 1
133 0 ZF109-548-449 1
133 0 ZF109-638-661 1
133 0 ZF109-715-753 1
134 0 ZF207-059-138 1
134 0 ZF207-269-144 1
134 0 ZF207-577-984 1
134 0 ZF108-216-774 1
134 0 ZF108-266-968 1
134 0 ZF108-288-920 1
134 0 ZF108-315-360 1
134 0 ZF108-383-698 1
134 0 ZF108-568-132 1
134 0 ZF108-816-786 1
135 0 ZF207-336-561 1
135 0 ZF108-242-827 1
135 0 ZF108-383-698 1
135 0 ZF108-803-662 1
136 0 ZF206-963-620 1
136 0 ZF207-065-294 1
136 0 ZF207-075-878 1
136 0 ZF207-095-344 1
136 0 ZF207-097-950 1
136 0 ZF207-110-452 1
136 0 ZF207-112-808 1
136 0 ZF207-134-548 1
136 0 ZF207-141-458 1
136 0 ZF207-178-104 1
136 0 ZF207-198-476 1
136 0 ZF207-244-772 1
136 0 ZF207-248-615 1
136 0 ZF207-249-050 1
136 0 ZF207-291-168 1
136 0 ZF207-319-297 1
136 0 ZF207-323-174 1
136 0 ZF207-329-993 1
136 0 ZF207-349-696 1
136 0 ZF207-362-588 1
136 0 ZF207-369-858 1
136 0 ZF207-376-802 1
136 0 ZF207-380-770 1
136 0 ZF207-389-638 1
136 0 ZF207-444-538 1
136 0 ZF207-460-950 1
136 0 ZF207-529-873 1
136 0 ZF207-530-226 1
136 0 ZF207-669-458 1
136 0 ZF207-722-482 1
136 0 ZF207-740-464 1
136 0 ZF207-755-876 1
136 0 ZF207-869-076 1
136 0 ZF107-911-544 1
136 0 ZF207-917-547 1
136 0 ZF107-935-714 1
136 0 ZF107-941-648 1
136 0 ZF107-945-880 1
136 0 ZF107-947-846 1
136 0 ZF107-951-902 1
136 0 ZF107-956-648 1
136 0 ZF107-962-170 1
136 0 ZF108-012-060 1
136 0 ZF108-054-650 1
136 0 ZF108-060-220 1
136 0 ZF208-086-775 1
136 0 ZF108-268-582 1
136 0 ZF108-296-436 1
136 0 ZF108-319-054 1
136 0 ZF108-338-186 1
136 0 ZF108-347-304 1
136 0 ZF108-437-484 1
136 0 ZF108-461-478 1
136 0 ZF108-469-190 1
136 0 ZF108-478-482 1
136 0 ZF108-590-482 1
136 0 ZF108-648-054 1
136 0 ZF108-669-618 1
136 0 ZF108-669-628 1
136 0 ZF108-680-038 1
136 0 ZF108-704-014 1
136 0 ZF108-706-962 1
136 0 ZF108-817-482 1
136 0 ZF108-827-110 1
136 0 ZF108-846-908 1
136 0 ZF109-415-799 1
136 0 ZF109-428-915 1
136 0 ZF109-452-673 1
136 0 ZF109-466-543 1
136 0 ZF109-476-713 1
136 0 ZF109-485-523 1
136 0 ZF109-485-675 1
136 0 ZF109-507-933 1
136 0 ZF109-514-177 1
136 0 ZF109-514-911 1
136 0 ZF209-519-923 1
136 0 ZF209-522-811 1
136 0 ZF109-525-919 1
136 0 ZF109-534-177 1
136 0 ZF109-536-759 1
136 0 ZF109-537-439 1
136 0 ZF109-546-367 1
136 0 ZF109-548-429 1
136 0 ZF109-549-425 1
136 0 ZF109-561-155 1
136 0 ZF109-569-703 1
136 0 ZF109-569-769 1
136 0 ZF109-603-995 1
136 0 ZF109-654-473 1
136 0 ZF109-660-493 1
136 0 ZF109-702-339 1
136 0 ZF109-716-123 1
137 0 ZF207-435-522 1
137 0 ZF109-651-145 1
142 0 ZF207-307-322 1
142 0 ZF109-548-591 1
142 0 ZF109-615-087 1
143 0 ZF207-245-757 1
147 0 ZF207-283-125 1
147 0 ZF207-297-114 1
147 0 ZF207-397-138 1
147 0 ZF108-001-626 1
147 0 ZF108-034-260 1
147 0 ZF108-034-638 1
147 0 ZF108-064-348 1
147 0 ZF108-064-350 1
147 0 ZF108-078-790 1
147 0 ZF108-541-836 1
147 0 ZF108-633-954 1
147 0 ZF108-637-356 1
147 0 ZF108-648-048 1
147 0 ZF108-683-550 1
147 0 ZF108-794-442 1
147 0 ZF109-507-821 1
149 0 ZF207-060-856 1
149 0 ZF207-079-332 1
149 0 ZF207-097-658 1
149 0 ZF207-101-544 1
149 0 ZF207-122-656 1
149 0 ZF207-177-932 1
149 0 ZF207-234-278 1
149 0 ZF207-247-807 1
149 0 ZF207-252-248 1
149 0 ZF207-254-574 1
149 0 ZF207-275-882 1
149 0 ZF207-282-610 1
149 0 ZF207-294-452 1
149 0 ZF207-318-229 1
149 0 ZF207-342-318 1
149 0 ZF207-351-163 1
149 0 ZF207-371-644 1
149 0 ZF207-397-806 1
149 0 ZF207-500-562 1
149 0 ZF207-518-672 1
149 0 ZF207-534-568 1
149 0 ZF207-569-222 1
149 0 ZF207-570-350 1
149 0 ZF207-572-280 1
149 0 ZF207-579-537 1
149 0 ZF207-607-636 1
149 0 ZF207-640-965 1
149 0 ZF207-661-666 1
149 0 ZF207-734-294 1
149 0 ZF207-782-524 1
149 0 ZF207-793-400 1
149 0 ZF108-078-780 1
149 0 ZF108-147-284 1
149 0 ZF108-187-474 1
149 0 ZF108-210-774 1
149 0 ZF108-222-562 1
149 0 ZF108-223-174 1
149 0 ZF108-312-086 1
149 0 ZF108-454-554 1
149 0 ZF108-650-782 1
149 0 ZF108-699-924 1
149 0 ZF108-732-320 1
149 0 ZF108-746-940 1
149 0 ZF109-448-345 1
149 0 ZF109-449-953 1
149 0 ZF109-575-861 1
149 0 ZF109-600-445 1
149 0 ZF109-699-663 1
149 0 ZF109-709-025 1
150 0 ZF207-715-762 1
150 0 ZF207-719-190 1
150 0 ZF109-543-609 1
150 0 ZF109-550-177 1
150 0 ZF109-628-437 1
152 0 ZF108-089-284 1
152 0 ZF108-128-744 1
152 0 ZF108-186-002 1
152 0 ZF108-279-906 1
152 0 ZF108-377-256 1
152 0 ZF108-673-578 1
152 0 ZF108-674-590 1
152 0 ZF108-712-844 1
152 0 ZF108-840-668 1
152 0 ZF109-428-793 1
152 0 ZF109-460-763 1
152 0 ZF109-507-479 1
152 0 ZF207-091-760 1
152 0 ZF207-149-636 1
152 0 ZF207-150-014 1
152 0 ZF207-267-656 1
152 0 ZF207-275-144 1
152 0 ZF207-297-056 1
152 0 ZF207-297-160 1
152 0 ZF207-298-830 1
152 0 ZF207-640-965 1
152 0 ZF207-668-670 1
152 0 ZF207-751-731 1
152 0 ZF207-853-648 1
152 0 ZF207-858-010 1
152 0 ZF208-107-204 1
152 0 ZF208-128-342 1
154 0 ZF109-435-071 1
154 0 ZF207-388-544 1
154 0 ZF207-846-182 1
156 0 ZF107-955-706 1
156 0 ZF108-248-834 1
156 0 ZF207-338-121 1
160 0 ZF207-059-138 1
161 0 ZF108-831-558 1
161 0 ZF207-260-346 1
161 0 ZF207-511-824 1
168 0 ZF108-489-744 1
173 0 ZF109-677-895 1
174 0 ZF107-923-308 1
174 0 ZF107-967-322 1
174 0 ZF108-101-444 1
174 0 ZF108-633-186 1
174 0 ZF207-428-530 1
174 0 ZF207-508-368 1
174 0 ZF207-714-350 1
174 0 ZF207-928-628 1
176 0 ZF107-908-332 1
176 0 ZF107-926-894 1
176 0 ZF107-955-144 1
176 0 ZF107-967-214 1
176 0 ZF107-976-880 1
176 0 ZF108-023-736 1
176 0 ZF108-029-634 1
176 0 ZF108-034-678 1
176 0 ZF108-271-424 1
176 0 ZF108-289-244 1
176 0 ZF108-618-668 1
176 0 ZF108-624-244 1
176 0 ZF108-647-838 1
176 0 ZF108-685-692 1
176 0 ZF108-697-626 1
176 0 ZF108-702-518 1
176 0 ZF108-704-068 1
176 0 ZF108-755-430 1
176 0 ZF108-839-968 1
176 0 ZF109-503-595 1
176 0 ZF109-514-539 1
176 0 ZF109-519-223 1
176 0 ZF109-569-667 1
176 0 ZF109-722-905 1
176 0 ZF207-103-178 1
176 0 ZF207-206-752 1
176 0 ZF207-267-463 1
176 0 ZF207-275-290 1
176 0 ZF207-370-430 1
176 0 ZF207-412-322 1
176 0 ZF207-511-208 1
176 0 ZF207-514-996 1
176 0 ZF207-589-671 1
176 0 ZF207-629-952 1
176 0 ZF207-647-082 1
176 0 ZF207-669-474 1
176 0 ZF207-781-760 1
176 0 ZF208-031-055 1
177 0 ZF107-941-152 1
177 0 ZF107-975-078 1
177 0 ZF108-122-108 1
177 0 ZF108-171-310 1
177 0 ZF108-297-082 1
177 0 ZF108-330-414 1
177 0 ZF108-330-732 1
177 0 ZF108-653-754 1
177 0 ZF109-452-447 1
177 0 ZF109-471-173 1
177 0 ZF109-481-725 1
177 0 ZF109-683-479 1
177 0 ZF109-736-383 1
177 0 ZF207-300-905 1
177 0 ZF207-340-678 1
177 0 ZF207-360-892 1
177 0 ZF207-402-668 1
177 0 ZF207-705-414 1
179 0 ZF108-107-434 1
179 0 ZF108-141-790 1
179 0 ZF108-224-660 1
179 0 ZF109-533-433 1
179 0 ZF109-550-477 1
179 0 ZF207-854-680 1
180 0 ZF207-795-930 1
186 0 ZF207-131-360 1
186 0 ZF207-244-755 1
187 0 ZF107-930-388 1
187 0 ZF107-948-382 1
187 0 ZF108-043-532 1
187 0 ZF108-049-200 1
187 0 ZF108-055-660 1
187 0 ZF108-072-548 1
187 0 ZF108-079-576 1
187 0 ZF108-228-226 1
187 0 ZF108-287-806 1
187 0 ZF108-296-394 1
187 0 ZF108-325-232 1
187 0 ZF108-366-264 1
187 0 ZF108-372-188 1
187 0 ZF108-420-138 1
187 0 ZF108-426-186 1
187 0 ZF108-435-860 1
187 0 ZF108-436-682 1
187 0 ZF108-583-006 1
187 0 ZF108-686-804 1
187 0 ZF108-712-820 1
187 0 ZF108-777-976 1
187 0 ZF108-813-592 1
187 0 ZF109-448-937 1
187 0 ZF109-496-679 1
187 0 ZF109-496-709 1
187 0 ZF109-500-053 1
187 0 ZF109-560-521 1
187 0 ZF109-569-267 1
187 0 ZF109-600-521 1
187 0 ZF109-617-757 1
187 0 ZF109-661-097 1
187 0 ZF109-740-523 1
187 0 ZF207-057-384 1
187 0 ZF207-406-244 1
187 0 ZF207-462-068 1
187 0 ZF207-486-174 1
187 0 ZF207-495-980 1
187 0 ZF207-531-540 1
189 0 ZF107-899-372 1
189 0 ZF108-250-070 1
189 0 ZF108-338-944 1
189 0 ZF207-059-138 1
189 0 ZF207-248-177 1
189 0 ZF207-253-219 1
189 0 ZF207-501-108 1
190 0 ZF107-951-660 1
190 0 ZF107-952-372 1
190 0 ZF107-956-898 1
190 0 ZF107-971-292 1
190 0 ZF108-000-762 1
190 0 ZF108-061-580 1
190 0 ZF108-066-806 1
190 0 ZF108-079-466 1
190 0 ZF108-090-064 1
190 0 ZF108-127-242 1
190 0 ZF108-136-982 1
190 0 ZF108-156-540 1
190 0 ZF108-320-636 1
190 0 ZF108-343-720 1
190 0 ZF108-425-462 1
190 0 ZF108-460-026 1
190 0 ZF108-484-840 1
190 0 ZF108-489-714 1
190 0 ZF108-498-074 1
190 0 ZF108-525-714 1
190 0 ZF108-540-212 1
190 0 ZF108-620-682 1
190 0 ZF108-624-244 1
190 0 ZF108-634-442 1
190 0 ZF108-650-782 1
190 0 ZF108-746-816 1
190 0 ZF108-753-388 1
190 0 ZF108-755-304 1
190 0 ZF108-766-166 1
190 0 ZF108-775-056 1
190 0 ZF108-841-240 1
190 0 ZF109-416-221 1
190 0 ZF109-448-345 1
190 0 ZF109-451-143 1
190 0 ZF109-460-659 1
190 0 ZF109-462-191 1
190 0 ZF109-485-051 1
190 0 ZF109-490-209 1
190 0 ZF109-506-207 1
190 0 ZF109-519-223 1
190 0 ZF109-523-247 1
190 0 ZF109-528-115 1
190 0 ZF109-536-483 1
190 0 ZF109-548-067 1
190 0 ZF109-569-003 1
190 0 ZF109-580-847 1
190 0 ZF109-589-947 1
190 0 ZF109-598-029 1
190 0 ZF109-620-387 1
190 0 ZF109-621-527 1
190 0 ZF109-625-317 1
190 0 ZF109-625-339 1
190 0 ZF109-641-023 1
190 0 ZF109-646-235 1
190 0 ZF207-077-616 1
190 0 ZF207-097-950 1
190 0 ZF207-131-284 1
190 0 ZF207-224-086 1
190 0 ZF207-232-189 1
190 0 ZF207-248-587 1
190 0 ZF207-253-613 1
190 0 ZF207-258-076 1
190 0 ZF207-320-956 1
190 0 ZF207-322-930 1
190 0 ZF207-326-060 1
190 0 ZF207-327-876 1
190 0 ZF207-351-149 1
190 0 ZF207-361-314 1
190 0 ZF207-376-279 1
190 0 ZF207-421-860 1
190 0 ZF207-496-812 1
190 0 ZF207-514-650 1
190 0 ZF207-525-042 1
190 0 ZF207-555-480 1
190 0 ZF207-579-537 1
190 0 ZF207-661-666 1
190 0 ZF207-681-120 1
190 0 ZF207-682-892 1
190 0 ZF207-760-158 1
190 0 ZF207-798-656 1
190 0 ZF208-033-750 1
190 0 ZF208-220-083 1
190 0 ZF209-565-443 1
191 0 ZF107-973-488 1
191 0 ZF108-048-838 1
191 0 ZF108-074-670 1
191 0 ZF108-243-179 1
191 0 ZF108-249-812 1
191 0 ZF108-537-794 1
191 0 ZF108-568-110 1
191 0 ZF108-654-796 1
191 0 ZF108-666-364 1
191 0 ZF108-677-684 1
191 0 ZF108-697-876 1
191 0 ZF108-758-094 1
191 0 ZF108-758-406 1
191 0 ZF108-839-992 1
191 0 ZF109-448-961 1
191 0 ZF109-453-163 1
191 0 ZF109-646-869 1
191 0 ZF109-646-905 1
191 0 ZF109-650-845 1
191 0 ZF109-650-897 1
191 0 ZF109-651-063 1
191 0 ZF109-651-105 1
191 0 ZF109-655-603 1
191 0 ZF109-656-541 1
191 0 ZF109-656-993 1
191 0 ZF109-657-243 1
191 0 ZF109-657-919 1
191 0 ZF109-663-717 1
191 0 ZF109-665-633 1
191 0 ZF109-840-645 1
191 0 ZF207-107-610 1
191 0 ZF207-131-360 1
191 0 ZF207-131-642 1
191 0 ZF207-132-766 1
191 0 ZF207-134-596 1
191 0 ZF207-136-090 1
191 0 ZF207-136-346 1
191 0 ZF207-208-534 1
191 0 ZF207-237-398 1
191 0 ZF207-242-018 1
191 0 ZF207-244-755 1
191 0 ZF207-249-727 1
191 0 ZF207-296-475 1
191 0 ZF207-297-469 1
191 0 ZF207-300-707 1
191 0 ZF207-325-505 1
191 0 ZF207-466-388 1
191 0 ZF207-492-160 1
191 0 ZF207-647-580 1
191 0 ZF207-647-974 1
191 0 ZF207-650-856 1
191 0 ZF207-653-258 1
191 0 ZF207-699-822 1
191 0 ZF207-833-950 1
191 0 ZF208-074-630 1
191 0 ZF208-074-650 1
191 0 ZF208-074-652 1
191 0 ZF208-216-675 1
192 0 ZF208-046-548 1
195 0 ZF109-528-137 1
195 0 ZF207-118-340 1
195 0 ZF207-456-366 1
195 0 ZF207-456-430 1
195 0 ZF207-782-332 1
195 0 ZF207-798-340 1
195 0 ZF207-798-874 1
195 0 ZF207-805-358 1
195 0 ZF207-835-020 1
195 0 ZF207-848-032 1
195 0 ZF207-889-096 1
195 0 ZF207-890-664 1
197 0 ZF207-084-550 1
200 0 ZF108-203-584 1
200 0 ZF207-116-968 1
200 0 ZF207-123-408 1
200 0 ZF207-402-806 1
200 0 ZF207-726-250 1
200 0 ZF207-948-844 1
51 0 ZF108-266-122 1
52 0 ZF207-336-104 1
52 0 ZF207-403-240 1
52 0 ZF207-795-930 1
52 0 ZF108-147-258 1
53 0 ZF207-825-692 1
53 0 ZF108-064-318 1
53 0 ZF108-640-860 1
53 0 ZF108-657-360 1
53 0 ZF109-378-041 1
54 0 ZF207-258-796 1
54 0 ZF207-291-429 1
54 0 ZF207-328-351 1
54 0 ZF207-606-622 1
54 0 ZF107-987-646 1
54 0 ZF108-018-272 1
54 0 ZF108-100-518 1
54 0 ZF108-223-486 1
54 0 ZF108-641-314 1
54 0 ZF108-679-616 1
54 0 ZF108-827-616 1
54 0 ZF109-499-669 1
54 0 ZF109-633-179 1
54 0 ZF109-766-161 1
54 0 ZF110-441-668 1
54 0 ZF110-472-842 1
55 0 ZF207-253-035 1
55 0 ZF108-454-554 1
55 0 ZF108-516-292 1
56 0 ZF207-134-090 1
56 0 ZF108-648-054 1
57 0 ZF206-962-322 1
57 0 ZF206-967-614 1
57 0 ZF207-058-300 1
57 0 ZF207-097-842 1
57 0 ZF207-118-848 1
57 0 ZF207-181-402 1
57 0 ZF207-184-412 1
57 0 ZF207-189-244 1
57 0 ZF207-215-566 1
57 0 ZF207-232-710 1
57 0 ZF207-237-689 1
57 0 ZF207-254-446 1
57 0 ZF207-264-370 1
57 0 ZF207-281-381 1
57 0 ZF207-281-461 1
57 0 ZF207-291-126 1
57 0 ZF207-298-547 1
57 0 ZF207-313-958 1
57 0 ZF207-318-135 1
57 0 ZF207-318-221 1
57 0 ZF207-328-353 1
57 0 ZF207-332-087 1
57 0 ZF207-335-898 1
57 0 ZF207-337-006 1
57 0 ZF207-342-224 1
57 0 ZF207-373-792 1
57 0 ZF207-374-624 1
57 0 ZF207-382-530 1
57 0 ZF207-417-046 1
57 0 ZF207-424-972 1
57 0 ZF207-443-642 1
57 0 ZF207-454-864 1
57 0 ZF207-455-196 1
57 0 ZF207-456-098 1
57 0 ZF207-460-044 1
57 0 ZF207-485-814 1
57 0 ZF207-511-550 1
57 0 ZF207-511-614 1
57 0 ZF207-514-572 1
57 0 ZF207-525-077 1
57 0 ZF207-641-278 1
57 0 ZF207-676-366 1
57 0 ZF207-687-954 1
57 0 ZF207-727-596 1
57 0 ZF207-743-497 1
57 0 ZF207-744-716 1
57 0 ZF207-757-128 1
57 0 ZF207-761-805 1
57 0 ZF207-769-684 1
57 0 ZF207-783-656 1
57 0 ZF207-789-516 1
57 0 ZF207-793-686 1
57 0 ZF207-805-144 1
57 0 ZF207-818-092 1
57 0 ZF207-854-140 1
57 0 ZF207-883-744 1
57 0 ZF107-935-596 1
57 0 ZF107-956-070 1
57 0 ZF107-975-090 1
57 0 ZF107-975-238 1
57 0 ZF107-997-638 1
57 0 ZF108-032-124 1
57 0 ZF208-037-986 1
57 0 ZF108-053-666 1
57 0 ZF108-053-952 1
57 0 ZF108-061-666 1
57 0 ZF108-064-308 1
57 0 ZF108-072-234 1
57 0 ZF108-079-424 1
57 0 ZF108-079-576 1
57 0 ZF108-090-530 1
57 0 ZF108-096-680 1
57 0 ZF108-097-502 1
57 0 ZF108-101-704 1
57 0 ZF108-156-886 1
57 0 ZF108-157-674 1
57 0 ZF108-158-184 1
57 0 ZF108-170-932 1
57 0 ZF108-174-954 1
57 0 ZF108-176-908 1
57 0 ZF108-208-608 1
57 0 ZF208-219-093 1
57 0 ZF108-234-248 1
57 0 ZF108-240-198 1
57 0 ZF208-254-114 1
57 0 ZF108-257-692 1
57 0 ZF108-298-902 1
57 0 ZF108-318-964 1
57 0 ZF108-320-054 1
57 0 ZF108-328-034 1
57 0 ZF108-337-620 1
57 0 ZF108-338-122 1
57 0 ZF108-338-704 1
57 0 ZF108-343-392 1
57 0 ZF108-343-490 1
57 0 ZF108-346-976 1
57 0 ZF108-347-890 1
57 0 ZF108-347-954 1
57 0 ZF108-350-298 1
57 0 ZF108-351-310 1
57 0 ZF108-354-750 1
57 0 ZF108-356-842 1
57 0 ZF108-356-894 1
57 0 ZF108-359-402 1
57 0 ZF108-381-304 1
57 0 ZF108-389-932 1
57 0 ZF108-390-320 1
57 0 ZF108-390-462 1
57 0 ZF108-395-314 1
57 0 ZF108-397-984 1
57 0 ZF108-410-666 1
57 0 ZF108-412-020 1
57 0 ZF108-414-184 1
57 0 ZF108-414-848 1
57 0 ZF108-444-694 1
57 0 ZF108-460-322 1
57 0 ZF108-461-478 1
57 0 ZF108-468-278 1
57 0 ZF108-469-422 1
57 0 ZF108-478-386 1
57 0 ZF108-499-364 1
57 0 ZF108-517-282 1
57 0 ZF108-525-866 1
57 0 ZF108-541-282 1
57 0 ZF108-551-664 1
57 0 ZF108-552-762 1
57 0 ZF108-585-936 1
57 0 ZF108-586-068 1
57 0 ZF108-589-382 1
57 0 ZF108-590-084 1
57 0 ZF108-599-674 1
57 0 ZF108-599-968 1
57 0 ZF108-601-480 1
57 0 ZF108-612-392 1
57 0 ZF108-616-660 1
57 0 ZF108-617-116 1
57 0 ZF108-617-132 1
57 0 ZF108-617-134 1
57 0 ZF108-619-944 1
57 0 ZF108-623-594 1
57 0 ZF108-633-884 1
57 0 ZF108-639-106 1
57 0 ZF108-642-494 1
57 0 ZF108-642-548 1
57 0 ZF108-643-378 1
57 0 ZF108-648-072 1
57 0 ZF108-652-356 1
57 0 ZF108-660-184 1
57 0 ZF108-678-264 1
57 0 ZF108-679-616 1
57 0 ZF108-695-706 1
57 0 ZF108-702-054 1
57 0 ZF108-702-992 1
57 0 ZF108-703-850 1
57 0 ZF108-706-810 1
57 0 ZF108-707-860 1
57 0 ZF108-714-996 1
57 0 ZF108-740-580 1
57 0 ZF108-746-094 1
57 0 ZF108-762-834 1
57 0 ZF108-765-122 1
57 0 ZF108-765-740 1
57 0 ZF108-780-396 1
57 0 ZF108-780-546 1
57 0 ZF108-782-128 1
57 0 ZF108-794-940 1
57 0 ZF108-795-192 1
57 0 ZF108-828-194 1
57 0 ZF108-841-234 1
57 0 ZF109-101-079 1
57 0 ZF109-170-037 1
57 0 ZF109-414-053 1
57 0 ZF109-415-859 1
57 0 ZF109-416-311 1
57 0 ZF109-420-217 1
57 0 ZF109-423-053 1
57 0 ZF109-425-327 1
57 0 ZF109-425-603 1
57 0 ZF109-425-699 1
57 0 ZF109-432-221 1
57 0 ZF109-433-791 1
57 0 ZF109-435-601 1
57 0 ZF109-447-587 1
57 0 ZF109-447-963 1
57 0 ZF109-449-889 1
57 0 ZF109-451-801 1
57 0 ZF109-457-733 1
57 0 ZF109-457-759 1
57 0 ZF109-468-059 1
57 0 ZF109-494-689 1
57 0 ZF109-501-847 1
57 0 ZF109-503-613 1
57 0 ZF109-511-981 1
57 0 ZF109-512-337 1
57 0 ZF109-512-413 1
57 0 ZF109-514-235 1
57 0 ZF109-514-905 1
57 0 ZF109-521-405 1
57 0 ZF209-522-731 1
57 0 ZF209-522-811 1
57 0 ZF209-522-825 1
57 0 ZF109-541-265 1
57 0 ZF109-543-657 1
57 0 ZF109-543-783 1
57 0 ZF209-544-781 1
57 0 ZF109-544-857 1
57 0 ZF209-546-161 1
57 0 ZF109-548-425 1
57 0 ZF109-548-429 1
57 0 ZF109-549-397 1
57 0 ZF109-549-407 1
57 0 ZF109-567-845 1
57 0 ZF109-567-975 1
57 0 ZF109-569-221 1
57 0 ZF109-580-621 1
57 0 ZF109-589-255 1
57 0 ZF109-600-633 1
57 0 ZF109-603-991 1
57 0 ZF109-604-953 1
57 0 ZF109-605-321 1
57 0 ZF109-610-955 1
57 0 ZF109-611-559 1
57 0 ZF109-614-749 1
57 0 ZF109-615-801 1
57 0 ZF109-618-961 1
57 0 ZF109-619-377 1
57 0 ZF109-619-813 1
57 0 ZF109-620-023 1
57 0 ZF109-635-225 1
57 0 ZF109-636-191 1
57 0 ZF109-636-243 1
57 0 ZF109-636-295 1
57 0 ZF109-639-209 1
57 0 ZF109-656-767 1
57 0 ZF109-660-527 1
57 0 ZF109-681-159 1
57 0 ZF109-683-519 1
57 0 ZF109-695-683 1
57 0 ZF109-780-679 1
57 0 ZF109-831-087 1
57 0 ZF109-834-897 1
57 0 ZF109-848-189 1
57 0 ZF109-848-199 1
60 0 ZF206-951-410 1
60 0 ZF207-852-054 1
60 0 ZF109-503-131 1
60 0 ZF109-506-207 1
60 0 ZF109-543-849 1
60 0 ZF109-624-785 1
63 0 ZF207-064-674 1
63 0 ZF207-082-030 1
63 0 ZF207-087-064 1
63 0 ZF207-118-274 1
63 0 ZF207-130-726 1
63 0 ZF207-163-918 1
63 0 ZF207-183-824 1
63 0 ZF207-224-995 1
63 0 ZF207-234-002 1
63 0 ZF207-264-412 1
63 0 ZF207-281-977 1
63 0 ZF207-298-157 1
63 0 ZF207-355-230 1
63 0 ZF207-375-462 1
63 0 ZF207-435-354 1
63 0 ZF207-505-902 1
63 0 ZF207-554-994 1
63 0 ZF207-560-084 1
63 0 ZF207-572-514 1
63 0 ZF207-576-208 1
63 0 ZF207-609-042 1
63 0 ZF207-620-658 1
63 0 ZF207-634-920 1
63 0 ZF207-646-094 1
63 0 ZF207-666-738 1
63 0 ZF207-676-290 1
63 0 ZF207-730-544 1
63 0 ZF207-746-504 1
63 0 ZF207-766-749 1
63 0 ZF207-840-436 1
63 0 ZF207-846-782 1
63 0 ZF107-895-260 1
63 0 ZF207-895-312 1
63 0 ZF107-907-366 1
63 0 ZF107-917-100 1
63 0 ZF207-917-221 1
63 0 ZF107-922-446 1
63 0 ZF107-923-264 1
63 0 ZF107-941-152 1
63 0 ZF107-977-282 1
63 0 ZF108-001-362 1
63 0 ZF108-017-960 1
63 0 ZF208-033-022 1
63 0 ZF108-038-562 1
63 0 ZF108-039-696 1
63 0 ZF108-044-556 1
63 0 ZF108-059-212 1
63 0 ZF108-060-120 1
63 0 ZF108-064-300 1
63 0 ZF108-064-382 1
63 0 ZF108-072-754 1
63 0 ZF108-089-658 1
63 0 ZF108-128-730 1
63 0 ZF108-137-576 1
63 0 ZF108-163-314 1
63 0 ZF108-167-986 1
63 0 ZF108-167-992 1
63 0 ZF108-168-034 1
63 0 ZF108-220-179 1
63 0 ZF108-232-322 1
63 0 ZF108-234-276 1
63 0 ZF108-247-686 1
63 0 ZF108-269-868 1
63 0 ZF108-289-596 1
63 0 ZF108-298-102 1
63 0 ZF108-301-864 1
63 0 ZF108-306-878 1
63 0 ZF108-312-226 1
63 0 ZF108-316-192 1
63 0 ZF108-318-566 1
63 0 ZF108-323-472 1
63 0 ZF108-324-992 1
63 0 ZF108-325-006 1
63 0 ZF108-325-234 1
63 0 ZF108-328-686 1
63 0 ZF108-328-692 1
63 0 ZF108-328-708 1
63 0 ZF108-331-509 1
63 0 ZF108-347-170 1
63 0 ZF108-369-226 1
63 0 ZF108-382-214 1
63 0 ZF108-407-354 1
63 0 ZF108-412-034 1
63 0 ZF108-419-786 1
63 0 ZF108-420-930 1
63 0 ZF108-423-460 1
63 0 ZF108-429-202 1
63 0 ZF108-429-854 1
63 0 ZF108-429-884 1
63 0 ZF108-431-234 1
63 0 ZF108-435-860 1
63 0 ZF108-439-620 1
63 0 ZF108-441-364 1
63 0 ZF108-444-940 1
63 0 ZF108-446-060 1
63 0 ZF108-455-912 1
63 0 ZF108-461-478 1
63 0 ZF108-470-548 1
63 0 ZF108-478-998 1
63 0 ZF108-486-872 1
63 0 ZF108-492-140 1
63 0 ZF108-529-298 1
63 0 ZF108-531-184 1
63 0 ZF108-536-750 1
63 0 ZF108-537-212 1
63 0 ZF108-548-820 1
63 0 ZF108-584-712 1
63 0 ZF108-607-820 1
63 0 ZF108-615-530 1
63 0 ZF108-619-680 1
63 0 ZF108-620-428 1
63 0 ZF108-655-152 1
63 0 ZF108-661-462 1
63 0 ZF108-661-936 1
63 0 ZF108-674-704 1
63 0 ZF108-687-640 1
63 0 ZF108-695-246 1
63 0 ZF108-698-004 1
63 0 ZF108-698-334 1
63 0 ZF108-707-830 1
63 0 ZF108-711-142 1
63 0 ZF108-714-914 1
63 0 ZF108-720-450 1
63 0 ZF108-726-962 1
63 0 ZF108-752-180 1
63 0 ZF108-752-330 1
63 0 ZF108-752-536 1
63 0 ZF108-784-900 1
63 0 ZF108-831-392 1
63 0 ZF108-845-846 1
63 0 ZF109-090-002 1
63 0 ZF109-390-850 1
63 0 ZF109-413-627 1
63 0 ZF109-414-134 1
63 0 ZF109-414-499 1
63 0 ZF109-428-125 1
63 0 ZF109-448-659 1
63 0 ZF109-454-897 1
63 0 ZF109-454-909 1
63 0 ZF109-456-983 1
63 0 ZF109-471-655 1
63 0 ZF109-473-261 1
63 0 ZF109-485-357 1
63 0 ZF109-489-779 1
63 0 ZF109-492-761 1
63 0 ZF109-498-121 1
63 0 ZF109-502-003 1
63 0 ZF109-532-299 1
63 0 ZF109-536-919 1
63 0 ZF109-550-101 1
63 0 ZF109-550-741 1
63 0 ZF109-553-587 1
63 0 ZF109-559-679 1
63 0 ZF109-579-461 1
63 0 ZF109-579-997 1
63 0 ZF109-580-351 1
63 0 ZF109-582-909 1
63 0 ZF109-583-013 1
63 0 ZF109-583-259 1
63 0 ZF109-585-057 1
63 0 ZF109-589-321 1
63 0 ZF109-593-361 1
63 0 ZF109-598-597 1
63 0 ZF109-600-535 1
63 0 ZF109-601-135 1
63 0 ZF109-601-731 1
63 0 ZF109-605-771 1
63 0 ZF109-610-933 1
63 0 ZF109-620-023 1
63 0 ZF109-628-369 1
63 0 ZF109-628-639 1
63 0 ZF109-631-689 1
63 0 ZF109-632-103 1
63 0 ZF109-635-953 1
63 0 ZF109-670-935 1
63 0 ZF109-677-189 1
63 0 ZF109-683-761 1
63 0 ZF109-691-985 1
63 0 ZF109-699-127 1
63 0 ZF109-715-141 1
63 0 ZF109-732-743 1
63 0 ZF109-732-791 1
63 0 ZF109-732-797 1
63 0 ZF109-813-317 1
63 0 ZF109-820-547 1
63 0 ZF109-826-781 1
63 0 ZF110-374-510 1
64 0 ZF108-065-444 1
65 0 ZF206-952-134 1
65 0 ZF207-058-082 1
65 0 ZF207-065-810 1
65 0 ZF207-074-094 1
65 0 ZF207-101-140 1
65 0 ZF207-104-986 1
65 0 ZF207-129-746 1
65 0 ZF207-130-284 1
65 0 ZF207-153-048 1
65 0 ZF207-181-108 1
65 0 ZF207-190-220 1
65 0 ZF207-202-898 1
65 0 ZF207-205-432 1
65 0 ZF207-211-454 1
65 0 ZF207-221-066 1
65 0 ZF207-253-079 1
65 0 ZF207-259-010 1
65 0 ZF207-291-955 1
65 0 ZF207-292-467 1
65 0 ZF207-296-679 1
65 0 ZF207-298-931 1
65 0 ZF207-299-730 1
65 0 ZF207-301-848 1
65 0 ZF207-318-782 1
65 0 ZF207-326-524 1
65 0 ZF207-329-516 1
65 0 ZF207-335-614 1
65 0 ZF207-335-620 1
65 0 ZF207-335-776 1
65 0 ZF207-338-568 1
65 0 ZF207-340-582 1
65 0 ZF207-371-726 1
65 0 ZF207-373-926 1
65 0 ZF207-374-380 1
65 0 ZF207-376-180 1
65 0 ZF207-376-284 1
65 0 ZF207-377-590 1
65 0 ZF207-397-196 1
65 0 ZF207-408-186 1
65 0 ZF207-411-568 1
65 0 ZF207-411-858 1
65 0 ZF207-416-094 1
65 0 ZF207-422-466 1
65 0 ZF207-437-008 1
65 0 ZF207-452-002 1
65 0 ZF207-467-142 1
65 0 ZF207-471-956 1
65 0 ZF207-478-154 1
65 0 ZF207-485-838 1
65 0 ZF207-497-706 1
65 0 ZF207-508-362 1
65 0 ZF207-515-270 1
65 0 ZF207-515-856 1
65 0 ZF207-515-930 1
65 0 ZF207-518-806 1
65 0 ZF207-524-038 1
65 0 ZF207-524-078 1
65 0 ZF207-529-648 1
65 0 ZF207-535-102 1
65 0 ZF207-535-696 1
65 0 ZF207-537-078 1
65 0 ZF207-570-348 1
65 0 ZF207-585-965 1
65 0 ZF207-587-459 1
65 0 ZF207-613-057 1
65 0 ZF207-617-703 1
65 0 ZF207-668-156 1
65 0 ZF207-668-322 1
65 0 ZF207-676-644 1
65 0 ZF207-681-856 1
65 0 ZF207-682-190 1
65 0 ZF207-687-326 1
65 0 ZF207-701-240 1
65 0 ZF207-727-628 1
65 0 ZF207-738-876 1
65 0 ZF207-746-224 1
65 0 ZF207-758-052 1
65 0 ZF207-760-130 1
65 0 ZF207-765-731 1
65 0 ZF207-766-548 1
65 0 ZF207-783-536 1
65 0 ZF207-798-938 1
65 0 ZF207-805-182 1
65 0 ZF207-864-726 1
65 0 ZF207-865-348 1
65 0 ZF207-886-704 1
65 0 ZF207-888-126 1
65 0 ZF107-916-948 1
65 0 ZF107-922-696 1
65 0 ZF207-923-304 1
65 0 ZF107-925-170 1
65 0 ZF107-925-248 1
65 0 ZF107-927-092 1
65 0 ZF107-929-996 1
65 0 ZF107-930-402 1
65 0 ZF107-934-346 1
65 0 ZF107-936-756 1
65 0 ZF107-936-838 1
65 0 ZF207-938-336 1
65 0 ZF107-939-132 1
65 0 ZF207-941-796 1
65 0 ZF107-942-222 1
65 0 ZF107-949-958 1
65 0 ZF107-952-476 1
65 0 ZF207-955-552 1
65 0 ZF207-955-560 1
65 0 ZF108-017-186 1
65 0 ZF108-023-994 1
65 0 ZF108-024-150 1
65 0 ZF108-027-366 1
65 0 ZF108-039-650 1
65 0 ZF108-039-696 1
65 0 ZF108-042-836 1
65 0 ZF108-058-986 1
65 0 ZF108-067-480 1
65 0 ZF108-078-776 1
65 0 ZF108-116-010 1
65 0 ZF108-126-248 1
65 0 ZF108-152-216 1
65 0 ZF208-154-890 1
65 0 ZF208-154-912 1
65 0 ZF108-156-518 1
65 0 ZF108-167-992 1
65 0 ZF108-175-754 1
65 0 ZF108-188-432 1
65 0 ZF108-219-322 1
65 0 ZF108-223-390 1
65 0 ZF108-223-922 1
65 0 ZF108-224-662 1
65 0 ZF108-224-918 1
65 0 ZF108-224-972 1
65 0 ZF108-227-892 1
65 0 ZF108-228-342 1
65 0 ZF208-231-354 1
65 0 ZF108-234-348 1
65 0 ZF108-243-812 1
65 0 ZF108-244-026 1
65 0 ZF108-254-928 1
65 0 ZF108-258-056 1
65 0 ZF108-266-326 1
65 0 ZF108-280-368 1
65 0 ZF108-284-722 1
65 0 ZF108-285-108 1
65 0 ZF108-310-164 1
65 0 ZF108-311-378 1
65 0 ZF108-311-476 1
65 0 ZF108-320-806 1
65 0 ZF108-321-778 1
65 0 ZF108-323-792 1
65 0 ZF108-328-664 1
65 0 ZF108-338-490 1
65 0 ZF108-343-875 1
65 0 ZF108-347-528 1
65 0 ZF108-353-000 1
65 0 ZF108-365-672 1
65 0 ZF108-368-604 1
65 0 ZF108-368-970 1
65 0 ZF108-395-386 1
65 0 ZF108-397-410 1
65 0 ZF108-414-944 1
65 0 ZF108-415-778 1
65 0 ZF108-425-880 1
65 0 ZF108-435-306 1
65 0 ZF108-435-822 1
65 0 ZF108-437-586 1
65 0 ZF108-438-058 1
65 0 ZF108-440-618 1
65 0 ZF108-444-966 1
65 0 ZF108-446-480 1
65 0 ZF108-450-908 1
65 0 ZF108-453-428 1
65 0 ZF108-456-832 1
65 0 ZF108-482-098 1
65 0 ZF108-489-416 1
65 0 ZF108-490-084 1
65 0 ZF108-507-822 1
65 0 ZF108-507-988 1
65 0 ZF108-508-680 1
65 0 ZF108-515-924 1
65 0 ZF108-518-366 1
65 0 ZF108-522-084 1
65 0 ZF108-527-536 1
65 0 ZF108-527-562 1
65 0 ZF108-531-184 1
65 0 ZF108-531-186 1
65 0 ZF108-531-842 1
65 0 ZF108-533-698 1
65 0 ZF108-535-792 1
65 0 ZF108-546-974 1
65 0 ZF108-554-683 1
65 0 ZF108-555-176 1
65 0 ZF108-556-639 1
65 0 ZF108-565-922 1
65 0 ZF108-568-058 1
65 0 ZF108-582-516 1
65 0 ZF108-589-302 1
65 0 ZF108-591-432 1
65 0 ZF108-594-626 1
65 0 ZF108-609-214 1
65 0 ZF108-611-838 1
65 0 ZF108-612-156 1
65 0 ZF108-628-168 1
65 0 ZF108-628-276 1
65 0 ZF108-634-328 1
65 0 ZF108-639-116 1
65 0 ZF108-670-602 1
65 0 ZF108-676-098 1
65 0 ZF108-680-356 1
65 0 ZF108-693-700 1
65 0 ZF108-693-732 1
65 0 ZF108-694-220 1
65 0 ZF108-695-552 1
65 0 ZF108-698-228 1
65 0 ZF108-703-096 1
65 0 ZF108-705-800 1
65 0 ZF108-714-886 1
65 0 ZF108-715-006 1
65 0 ZF108-715-578 1
65 0 ZF108-720-450 1
65 0 ZF108-747-726 1
65 0 ZF108-748-864 1
65 0 ZF108-766-996 1
65 0 ZF108-772-822 1
65 0 ZF108-774-398 1
65 0 ZF108-776-824 1
65 0 ZF108-777-308 1
65 0 ZF108-802-284 1
65 0 ZF108-803-420 1
65 0 ZF108-828-222 1
65 0 ZF108-839-592 1
65 0 ZF108-840-062 1
65 0 ZF108-874-793 1
65 0 ZF109-423-941 1
65 0 ZF109-427-911 1
65 0 ZF109-435-111 1
65 0 ZF109-439-571 1
65 0 ZF109-445-451 1
65 0 ZF109-447-409 1
65 0 ZF109-448-659 1
65 0 ZF109-451-503 1
65 0 ZF109-453-363 1
65 0 ZF109-460-823 1
65 0 ZF109-471-563 1
65 0 ZF109-471-877 1
65 0 ZF109-471-895 1
65 0 ZF109-475-649 1
65 0 ZF109-482-905 1
65 0 ZF109-485-587 1
65 0 ZF109-485-957 1
65 0 ZF109-489-893 1
65 0 ZF109-491-965 1
65 0 ZF109-498-781 1
65 0 ZF109-506-389 1
65 0 ZF109-511-357 1
65 0 ZF109-513-951 1
65 0 ZF109-518-803 1
65 0 ZF109-544-611 1
65 0 ZF109-556-443 1
65 0 ZF109-557-193 1
65 0 ZF109-559-777 1
65 0 ZF109-560-687 1
65 0 ZF109-562-949 1
65 0 ZF109-567-959 1
65 0 ZF109-573-185 1
65 0 ZF109-573-427 1
65 0 ZF109-579-461 1
65 0 ZF109-580-873 1
65 0 ZF109-584-599 1
65 0 ZF109-587-613 1
65 0 ZF109-590-057 1
65 0 ZF109-597-659 1
65 0 ZF109-601-661 1
65 0 ZF109-603-899 1
65 0 ZF109-605-069 1
65 0 ZF109-614-145 1
65 0 ZF109-623-983 1
65 0 ZF109-632-865 1
65 0 ZF109-633-097 1
65 0 ZF109-638-733 1
65 0 ZF109-638-737 1
65 0 ZF109-660-741 1
65 0 ZF109-670-431 1
65 0 ZF109-672-999 1
65 0 ZF109-673-857 1
65 0 ZF109-676-433 1
65 0 ZF109-676-975 1
65 0 ZF109-677-633 1
65 0 ZF109-677-671 1
65 0 ZF109-677-711 1
65 0 ZF109-715-901 1
65 0 ZF109-715-905 1
65 0 ZF109-768-169 1
65 0 ZF109-804-595 1
65 0 ZF109-821-087 1
65 0 ZF109-821-859 1
65 0 ZF109-826-641 1
65 0 ZF109-828-369 1
65 0 ZF110-343-378 1
66 0 ZF207-059-206 1
66 0 ZF207-082-030 1
66 0 ZF207-087-556 1
66 0 ZF207-137-820 1
66 0 ZF207-162-710 1
66 0 ZF207-162-736 1
66 0 ZF207-162-738 1
66 0 ZF207-171-938 1
66 0 ZF207-175-402 1
66 0 ZF207-217-064 1
66 0 ZF207-224-172 1
66 0 ZF207-234-002 1
66 0 ZF207-242-358 1
66 0 ZF207-314-872 1
66 0 ZF207-327-946 1
66 0 ZF207-340-007 1
66 0 ZF207-355-230 1
66 0 ZF207-435-354 1
66 0 ZF207-487-512 1
66 0 ZF207-515-270 1
66 0 ZF207-524-038 1
66 0 ZF207-560-084 1
66 0 ZF207-582-474 1
66 0 ZF207-585-965 1
66 0 ZF207-701-796 1
66 0 ZF207-746-136 1
66 0 ZF207-746-238 1
66 0 ZF207-746-680 1
66 0 ZF207-751-864 1
66 0 ZF207-769-486 1
66 0 ZF207-782-242 1
66 0 ZF207-841-728 1
66 0 ZF207-846-782 1
66 0 ZF207-864-530 1
66 0 ZF207-882-044 1
66 0 ZF207-895-312 1
66 0 ZF107-911-488 1
66 0 ZF207-917-221 1
66 0 ZF207-921-136 1
66 0 ZF107-934-574 1
66 0 ZF107-936-492 1
66 0 ZF107-942-222 1
66 0 ZF107-967-348 1
66 0 ZF207-970-578 1
66 0 ZF107-972-040 1
66 0 ZF107-975-078 1
66 0 ZF107-991-310 1
66 0 ZF107-998-150 1
66 0 ZF108-002-886 1
66 0 ZF108-013-386 1
66 0 ZF208-033-022 1
66 0 ZF108-042-794 1
66 0 ZF108-060-120 1
66 0 ZF108-064-300 1
66 0 ZF108-072-754 1
66 0 ZF208-107-214 1
66 0 ZF108-145-986 1
66 0 ZF108-150-618 1
66 0 ZF108-167-992 1
66 0 ZF108-168-122 1
66 0 ZF108-173-918 1
66 0 ZF108-188-444 1
66 0 ZF108-191-264 1
66 0 ZF108-216-748 1
66 0 ZF108-224-384 1
66 0 ZF108-224-972 1
66 0 ZF108-227-888 1
66 0 ZF108-234-348 1
66 0 ZF108-239-712 1
66 0 ZF108-240-248 1
66 0 ZF108-245-052 1
66 0 ZF108-268-532 1
66 0 ZF108-276-672 1
66 0 ZF108-283-078 1
66 0 ZF108-283-440 1
66 0 ZF108-284-156 1
66 0 ZF208-286-023 1
66 0 ZF108-298-102 1
66 0 ZF108-311-378 1
66 0 ZF108-325-006 1
66 0 ZF108-329-602 1
66 0 ZF108-347-170 1
66 0 ZF108-429-884 1
66 0 ZF108-445-142 1
66 0 ZF108-453-004 1
66 0 ZF108-455-912 1
66 0 ZF108-470-548 1
66 0 ZF108-486-674 1
66 0 ZF108-538-382 1
66 0 ZF108-583-992 1
66 0 ZF108-605-108 1
66 0 ZF108-605-114 1
66 0 ZF108-607-820 1
66 0 ZF108-620-428 1
66 0 ZF108-621-238 1
66 0 ZF108-621-336 1
66 0 ZF108-624-134 1
66 0 ZF108-661-462 1
66 0 ZF108-661-936 1
66 0 ZF108-675-568 1
66 0 ZF108-687-934 1
66 0 ZF108-695-246 1
66 0 ZF108-698-004 1
66 0 ZF108-720-404 1
66 0 ZF108-725-732 1
66 0 ZF108-726-986 1
66 0 ZF108-733-574 1
66 0 ZF108-733-578 1
66 0 ZF108-741-130 1
66 0 ZF108-744-734 1
66 0 ZF108-752-180 1
66 0 ZF108-752-330 1
66 0 ZF108-752-536 1
66 0 ZF108-754-054 1
66 0 ZF108-786-690 1
66 0 ZF108-787-074 1
66 0 ZF108-789-346 1
66 0 ZF108-802-338 1
66 0 ZF108-805-750 1
66 0 ZF108-809-992 1
66 0 ZF108-822-186 1
66 0 ZF108-823-734 1
66 0 ZF108-831-392 1
66 0 ZF108-839-592 1
66 0 ZF109-179-919 1
66 0 ZF109-326-404 1
66 0 ZF109-409-481 1
66 0 ZF109-414-134 1
66 0 ZF109-423-941 1
66 0 ZF109-428-125 1
66 0 ZF109-473-261 1
66 0 ZF109-491-181 1
66 0 ZF109-502-003 1
66 0 ZF109-502-485 1
66 0 ZF109-523-405 1
66 0 ZF109-546-811 1
66 0 ZF109-550-741 1
66 0 ZF109-553-587 1
66 0 ZF109-559-485 1
66 0 ZF109-579-461 1
66 0 ZF109-580-659 1
66 0 ZF109-597-659 1
66 0 ZF109-600-471 1
66 0 ZF109-601-731 1
66 0 ZF109-628-605 1
66 0 ZF109-632-103 1
66 0 ZF109-635-953 1
66 0 ZF109-646-415 1
66 0 ZF109-669-605 1
66 0 ZF109-670-935 1
66 0 ZF109-673-793 1
66 0 ZF109-677-889 1
66 0 ZF109-679-879 1
66 0 ZF109-683-761 1
66 0 ZF109-692-111 1
66 0 ZF109-695-597 1
66 0 ZF109-722-669 1
66 0 ZF109-732-791 1
66 0 ZF109-802-761 1
74 0 ZF108-311-902 1
74 0 ZF108-822-318 1
75 0 ZF207-060-494 1
75 0 ZF207-096-476 1
75 0 ZF207-106-476 1
75 0 ZF207-115-176 1
75 0 ZF207-115-256 1
75 0 ZF207-123-408 1
75 0 ZF207-154-030 1
75 0 ZF207-161-612 1
75 0 ZF207-170-584 1
75 0 ZF207-173-058 1
75 0 ZF207-180-364 1
75 0 ZF207-181-888 1
75 0 ZF207-201-672 1
75 0 ZF207-245-568 1
75 0 ZF207-248-959 1
75 0 ZF207-251-997 1
75 0 ZF207-252-935 1
75 0 ZF207-293-495 1
75 0 ZF207-297-984 1
75 0 ZF207-309-540 1
75 0 ZF207-313-375 1
75 0 ZF207-313-908 1
75 0 ZF207-314-139 1
75 0 ZF207-315-013 1
75 0 ZF207-315-825 1
75 0 ZF207-316-948 1
75 0 ZF207-319-715 1
75 0 ZF207-320-388 1
75 0 ZF207-324-299 1
75 0 ZF207-329-014 1
75 0 ZF207-349-172 1
75 0 ZF207-377-632 1
75 0 ZF207-384-988 1
75 0 ZF207-387-464 1
75 0 ZF207-397-906 1
75 0 ZF207-402-312 1
75 0 ZF207-402-806 1
75 0 ZF207-420-578 1
75 0 ZF207-425-442 1
75 0 ZF207-426-882 1
75 0 ZF207-448-688 1
75 0 ZF207-475-592 1
75 0 ZF207-508-354 1
75 0 ZF207-519-462 1
75 0 ZF207-523-796 1
75 0 ZF207-530-076 1
75 0 ZF207-538-592 1
75 0 ZF207-553-702 1
75 0 ZF207-607-648 1
75 0 ZF207-646-800 1
75 0 ZF207-667-484 1
75 0 ZF207-682-158 1
75 0 ZF207-702-480 1
75 0 ZF207-706-550 1
75 0 ZF207-721-900 1
75 0 ZF207-725-550 1
75 0 ZF207-754-824 1
75 0 ZF207-756-234 1
75 0 ZF207-756-604 1
75 0 ZF207-767-956 1
75 0 ZF207-817-892 1
75 0 ZF207-846-658 1
75 0 ZF207-853-528 1
75 0 ZF107-912-886 1
75 0 ZF207-939-048 1
75 0 ZF107-939-150 1
75 0 ZF107-965-716 1
75 0 ZF107-991-328 1
75 0 ZF108-055-756 1
75 0 ZF108-067-480 1
75 0 ZF108-070-318 1
75 0 ZF108-074-608 1
75 0 ZF108-080-302 1
75 0 ZF108-080-306 1
75 0 ZF108-080-558 1
75 0 ZF108-083-452 1
75 0 ZF108-089-342 1
75 0 ZF108-128-350 1
75 0 ZF108-183-182 1
75 0 ZF108-185-956 1
75 0 ZF108-185-968 1
75 0 ZF108-206-974 1
75 0 ZF108-216-446 1
75 0 ZF108-225-036 1
75 0 ZF108-232-488 1
75 0 ZF108-267-184 1
75 0 ZF108-278-312 1
75 0 ZF108-302-458 1
75 0 ZF108-306-438 1
75 0 ZF108-316-850 1
75 0 ZF108-320-244 1
75 0 ZF108-324-540 1
75 0 ZF108-325-364 1
75 0 ZF108-343-604 1
75 0 ZF108-347-848 1
75 0 ZF108-358-646 1
75 0 ZF108-360-882 1
75 0 ZF108-364-404 1
75 0 ZF108-386-224 1
75 0 ZF108-407-466 1
75 0 ZF108-411-956 1
75 0 ZF108-415-560 1
75 0 ZF108-415-730 1
75 0 ZF108-415-758 1
75 0 ZF108-436-674 1
75 0 ZF108-441-584 1
75 0 ZF108-444-060 1
75 0 ZF108-445-004 1
75 0 ZF108-456-664 1
75 0 ZF108-457-138 1
75 0 ZF108-489-716 1
75 0 ZF108-499-498 1
75 0 ZF108-510-286 1
75 0 ZF108-525-674 1
75 0 ZF108-528-216 1
75 0 ZF108-540-254 1
75 0 ZF208-550-029 1
75 0 ZF108-604-886 1
75 0 ZF108-628-700 1
75 0 ZF108-687-124 1
75 0 ZF108-694-954 1
75 0 ZF108-695-248 1
75 0 ZF108-698-534 1
75 0 ZF108-714-966 1
75 0 ZF108-715-494 1
75 0 ZF108-716-248 1
75 0 ZF108-733-580 1
75 0 ZF108-753-016 1
75 0 ZF108-780-222 1
75 0 ZF108-781-392 1
75 0 ZF108-785-058 1
75 0 ZF108-792-716 1
75 0 ZF108-797-380 1
75 0 ZF108-797-686 1
75 0 ZF108-802-276 1
75 0 ZF108-808-676 1
75 0 ZF108-817-810 1
75 0 ZF108-822-692 1
75 0 ZF108-826-344 1
75 0 ZF108-827-862 1
75 0 ZF108-829-316 1
75 0 ZF109-427-999 1
75 0 ZF109-437-141 1
75 0 ZF109-445-535 1
75 0 ZF109-447-275 1
75 0 ZF109-447-301 1
75 0 ZF109-473-241 1
75 0 ZF109-499-455 1
75 0 ZF109-512-921 1
75 0 ZF109-514-511 1
75 0 ZF109-514-529 1
75 0 ZF109-514-533 1
75 0 ZF109-517-811 1
75 0 ZF109-523-281 1
75 0 ZF109-526-025 1
75 0 ZF109-532-831 1
75 0 ZF109-559-241 1
75 0 ZF109-564-199 1
75 0 ZF109-564-265 1
75 0 ZF109-577-241 1
75 0 ZF109-579-963 1
75 0 ZF109-582-917 1
75 0 ZF109-584-317 1
75 0 ZF109-593-825 1
75 0 ZF109-601-113 1
75 0 ZF109-612-237 1
75 0 ZF109-617-803 1
75 0 ZF109-620-867 1
75 0 ZF109-632-219 1
75 0 ZF109-649-431 1
75 0 ZF109-656-939 1
75 0 ZF109-673-913 1
75 0 ZF109-696-475 1
75 0 ZF109-699-787 1
75 0 ZF109-715-753 1
75 0 ZF109-831-147 1
75 0 ZF109-849-471 1
76 0 ZF207-154-438 1
76 0 ZF207-667-418 1
76 0 ZF207-766-649 1
76 0 ZF207-794-716 1
76 0 ZF108-147-348 1
76 0 ZF108-219-802 1
76 0 ZF108-315-712 1
76 0 ZF108-777-422 1
76 0 ZF109-424-149 1
78 0 ZF207-584-239 1
78 0 ZF108-777-938 1
79 0 ZF207-798-658 1
82 0 ZF207-155-244 1
82 0 ZF207-307-322 1
82 0 ZF207-561-396 1
82 0 ZF108-175-194 1
82 0 ZF108-188-586 1
82 0 ZF109-458-739 1
83 0 ZF207-168-320 1
83 0 ZF207-307-296 1
83 0 ZF207-798-658 1
83 0 ZF107-954-878 1
83 0 ZF108-250-128 1
84 0 ZF108-604-994 1
85 0 ZF207-150-014 1
85 0 ZF207-275-144 1
85 0 ZF207-523-598 1
85 0 ZF108-250-070 1
85 0 ZF108-338-944 1
85 0 ZF109-496-643 1
85 0 ZF109-507-479 1
85 0 ZF109-517-585 1
85 0 ZF109-565-363 1
85 0 ZF109-677-609 1
92 0 ZF207-758-406 1
93 0 ZF109-513-967 1
94 0 ZF206-962-688 1
94 0 ZF207-058-232 1
94 0 ZF207-060-856 1
94 0 ZF207-108-660 1
94 0 ZF207-115-638 1
94 0 ZF207-131-284 1
94 0 ZF207-146-416 1
94 0 ZF207-162-910 1
94 0 ZF207-224-086 1
94 0 ZF207-231-465 1
94 0 ZF207-232-189 1
94 0 ZF207-240-704 1
94 0 ZF207-240-748 1
94 0 ZF207-248-177 1
94 0 ZF207-277-686 1
94 0 ZF207-290-661 1
94 0 ZF207-315-917 1
94 0 ZF207-319-283 1
94 0 ZF207-320-956 1
94 0 ZF207-322-930 1
94 0 ZF207-326-060 1
94 0 ZF207-327-874 1
94 0 ZF207-327-876 1
94 0 ZF207-351-149 1
94 0 ZF207-361-314 1
94 0 ZF207-373-486 1
94 0 ZF207-376-279 1
94 0 ZF207-401-992 1
94 0 ZF207-407-426 1
94 0 ZF207-412-322 1
94 0 ZF207-421-860 1
94 0 ZF207-472-688 1
94 0 ZF207-483-096 1
94 0 ZF207-496-812 1
94 0 ZF207-514-650 1
94 0 ZF207-515-244 1
94 0 ZF207-525-042 1
94 0 ZF207-525-060 1
94 0 ZF207-533-696 1
94 0 ZF207-534-568 1
94 0 ZF207-534-678 1
94 0 ZF207-549-986 1
94 0 ZF207-555-480 1
94 0 ZF207-569-222 1
94 0 ZF207-581-519 1
94 0 ZF207-608-866 1
94 0 ZF207-661-666 1
94 0 ZF207-668-992 1
94 0 ZF207-751-731 1
94 0 ZF207-760-158 1
94 0 ZF207-798-656 1
94 0 ZF207-799-340 1
94 0 ZF207-855-038 1
94 0 ZF207-877-746 1
94 0 ZF207-895-248 1
94 0 ZF107-908-332 1
94 0 ZF207-911-842 1
94 0 ZF207-911-888 1
94 0 ZF207-928-634 1
94 0 ZF107-936-984 1
94 0 ZF107-952-372 1
94 0 ZF107-956-898 1
94 0 ZF107-971-292 1
94 0 ZF107-977-392 1
94 0 ZF208-017-416 1
94 0 ZF208-018-872 1
94 0 ZF208-033-750 1
94 0 ZF108-034-678 1
94 0 ZF108-049-674 1
94 0 ZF108-060-084 1
94 0 ZF108-061-580 1
94 0 ZF108-064-294 1
94 0 ZF108-066-806 1
94 0 ZF108-073-378 1
94 0 ZF108-079-466 1
94 0 ZF108-079-576 1
94 0 ZF108-127-242 1
94 0 ZF108-128-068 1
94 0 ZF108-128-744 1
94 0 ZF108-136-982 1
94 0 ZF108-147-284 1
94 0 ZF108-151-086 1
94 0 ZF108-156-540 1
94 0 ZF108-172-344 1
94 0 ZF108-192-802 1
94 0 ZF108-210-774 1
94 0 ZF208-220-011 1
94 0 ZF208-220-083 1
94 0 ZF108-224-982 1
94 0 ZF208-231-102 1
94 0 ZF108-250-070 1
94 0 ZF108-254-486 1
94 0 ZF108-263-276 1
94 0 ZF108-271-424 1
94 0 ZF108-279-142 1
94 0 ZF108-285-410 1
94 0 ZF108-289-224 1
94 0 ZF108-289-274 1
94 0 ZF108-289-568 1
94 0 ZF108-297-154 1
94 0 ZF108-298-596 1
94 0 ZF108-300-786 1
94 0 ZF108-301-864 1
94 0 ZF108-302-654 1
94 0 ZF108-320-636 1
94 0 ZF108-325-334 1
94 0 ZF108-327-445 1
94 0 ZF108-329-882 1
94 0 ZF108-364-682 1
94 0 ZF108-367-678 1
94 0 ZF108-381-598 1
94 0 ZF108-425-462 1
94 0 ZF108-460-026 1
94 0 ZF108-470-138 1
94 0 ZF108-484-840 1
94 0 ZF108-498-074 1
94 0 ZF108-525-714 1
94 0 ZF108-578-616 1
94 0 ZF108-583-448 1
94 0 ZF108-620-682 1
94 0 ZF108-634-442 1
94 0 ZF108-639-178 1
94 0 ZF108-641-278 1
94 0 ZF108-650-782 1
94 0 ZF108-666-134 1
94 0 ZF108-670-228 1
94 0 ZF108-678-966 1
94 0 ZF108-683-652 1
94 0 ZF108-686-942 1
94 0 ZF108-706-322 1
94 0 ZF108-716-380 1
94 0 ZF108-746-816 1
94 0 ZF108-748-606 1
94 0 ZF108-753-388 1
94 0 ZF108-755-414 1
94 0 ZF108-755-430 1
94 0 ZF108-755-476 1
94 0 ZF108-765-512 1
94 0 ZF108-776-454 1
94 0 ZF108-777-618 1
94 0 ZF108-777-976 1
94 0 ZF108-778-040 1
94 0 ZF108-791-012 1
94 0 ZF108-827-354 1
94 0 ZF109-416-197 1
94 0 ZF109-416-221 1
94 0 ZF109-421-319 1
94 0 ZF109-421-645 1
94 0 ZF109-425-971 1
94 0 ZF109-436-921 1
94 0 ZF109-448-345 1
94 0 ZF109-449-953 1
94 0 ZF109-451-143 1
94 0 ZF109-452-437 1
94 0 ZF109-452-999 1
94 0 ZF109-453-071 1
94 0 ZF109-460-659 1
94 0 ZF109-462-191 1
94 0 ZF109-503-601 1
94 0 ZF109-506-207 1
94 0 ZF109-519-223 1
94 0 ZF109-523-255 1
94 0 ZF109-536-483 1
94 0 ZF109-548-067 1
94 0 ZF109-589-947 1
94 0 ZF109-621-527 1
94 0 ZF109-632-117 1
94 0 ZF109-646-235 1
94 0 ZF109-654-359 1
94 0 ZF109-683-447 1
94 0 ZF109-696-301 1
94 0 ZF109-729-531 1
94 0 ZF109-820-511 1
95 0 ZF206-964-874 1
95 0 ZF207-079-912 1
95 0 ZF207-095-260 1
95 0 ZF207-113-212 1
95 0 ZF207-115-394 1
95 0 ZF207-133-676 1
95 0 ZF207-134-938 1
95 0 ZF207-219-484 1
95 0 ZF207-231-465 1
95 0 ZF207-248-177 1
95 0 ZF207-248-223 1
95 0 ZF207-278-178 1
95 0 ZF207-297-214 1
95 0 ZF207-304-926 1
95 0 ZF207-307-314 1
95 0 ZF207-313-958 1
95 0 ZF207-322-798 1
95 0 ZF207-326-576 1
95 0 ZF207-338-121 1
95 0 ZF207-342-318 1
95 0 ZF207-376-393 1
95 0 ZF207-377-780 1
95 0 ZF207-471-820 1
95 0 ZF207-500-286 1
95 0 ZF207-508-376 1
95 0 ZF207-515-244 1
95 0 ZF207-525-042 1
95 0 ZF207-525-060 1
95 0 ZF207-538-102 1
95 0 ZF207-555-480 1
95 0 ZF207-592-522 1
95 0 ZF207-683-022 1
95 0 ZF207-750-263 1
95 0 ZF207-761-624 1
95 0 ZF207-799-340 1
95 0 ZF107-827-134 1
95 0 ZF207-834-432 1
95 0 ZF207-842-078 1
95 0 ZF207-864-642 1
95 0 ZF107-899-372 1
95 0 ZF107-908-332 1
95 0 ZF207-921-744 1
95 0 ZF107-929-374 1
95 0 ZF107-940-804 1
95 0 ZF107-955-706 1
95 0 ZF208-018-372 1
95 0 ZF108-034-474 1
95 0 ZF108-042-836 1
95 0 ZF108-059-456 1
95 0 ZF108-066-442 1
95 0 ZF108-101-390 1
95 0 ZF108-168-190 1
95 0 ZF108-171-762 1
95 0 ZF108-188-566 1
95 0 ZF108-191-070 1
95 0 ZF208-220-083 1
95 0 ZF108-238-468 1
95 0 ZF108-238-974 1
95 0 ZF108-241-072 1
95 0 ZF108-266-212 1
95 0 ZF108-267-176 1
95 0 ZF108-298-596 1
95 0 ZF108-320-636 1
95 0 ZF108-347-528 1
95 0 ZF108-367-678 1
95 0 ZF108-386-252 1
95 0 ZF108-386-400 1
95 0 ZF108-410-860 1
95 0 ZF108-415-698 1
95 0 ZF108-420-308 1
95 0 ZF108-425-462 1
95 0 ZF108-444-264 1
95 0 ZF108-451-070 1
95 0 ZF108-483-978 1
95 0 ZF108-495-784 1
95 0 ZF108-499-492 1
95 0 ZF108-538-754 1
95 0 ZF108-568-114 1
95 0 ZF108-634-058 1
95 0 ZF108-641-962 1
95 0 ZF108-650-782 1
95 0 ZF108-661-316 1
95 0 ZF108-678-966 1
95 0 ZF108-683-662 1
95 0 ZF108-725-500 1
95 0 ZF108-741-168 1
95 0 ZF108-754-096 1
95 0 ZF108-755-430 1
95 0 ZF108-766-984 1
95 0 ZF108-771-932 1
95 0 ZF108-775-056 1
95 0 ZF108-798-020 1
95 0 ZF108-808-996 1
95 0 ZF108-828-100 1
95 0 ZF108-829-992 1
95 0 ZF109-424-011 1
95 0 ZF109-453-159 1
95 0 ZF109-456-015 1
95 0 ZF109-499-333 1
95 0 ZF109-506-025 1
95 0 ZF109-532-163 1
95 0 ZF109-532-271 1
95 0 ZF109-532-843 1
95 0 ZF109-533-999 1
95 0 ZF109-537-603 1
95 0 ZF109-560-333 1
95 0 ZF109-589-895 1
95 0 ZF109-589-947 1
95 0 ZF109-601-767 1
95 0 ZF109-617-801 1
95 0 ZF109-629-271 1
95 0 ZF109-790-555 1
95 0 ZF109-821-087 1
95 0 ZF110-343-418 1
95 0 ZF110-363-160 1
96 0 ZF206-988-168 1
96 0 ZF207-069-840 1
96 0 ZF207-136-656 1
96 0 ZF207-162-770 1
96 0 ZF207-175-334 1
96 0 ZF207-178-062 1
96 0 ZF207-203-680 1
96 0 ZF207-261-417 1
96 0 ZF207-261-425 1
96 0 ZF207-261-429 1
96 0 ZF207-271-061 1
96 0 ZF207-274-025 1
96 0 ZF207-274-599 1
96 0 ZF207-296-681 1
96 0 ZF207-299-338 1
96 0 ZF207-307-050 1
96 0 ZF207-326-160 1
96 0 ZF207-326-438 1
96 0 ZF207-326-600 1
96 0 ZF207-336-317 1
96 0 ZF207-376-766 1
96 0 ZF207-439-880 1
96 0 ZF207-462-576 1
96 0 ZF207-466-374 1
96 0 ZF207-471-654 1
96 0 ZF207-484-264 1
96 0 ZF207-500-286 1
96 0 ZF207-504-226 1
96 0 ZF207-504-240 1
96 0 ZF207-505-680 1
96 0 ZF207-514-690 1
96 0 ZF207-524-364 1
96 0 ZF207-525-058 1
96 0 ZF207-535-892 1
96 0 ZF207-536-586 1
96 0 ZF207-555-308 1
96 0 ZF207-675-702 1
96 0 ZF207-738-876 1
96 0 ZF207-841-462 1
96 0 ZF207-864-756 1
96 0 ZF207-869-216 1
96 0 ZF207-948-538 1
96 0 ZF207-955-494 1
96 0 ZF107-957-342 1
96 0 ZF107-962-008 1
96 0 ZF107-975-858 1
96 0 ZF108-008-224 1
96 0 ZF108-044-442 1
96 0 ZF108-058-586 1
96 0 ZF108-061-512 1
96 0 ZF108-188-526 1
96 0 ZF108-198-270 1
96 0 ZF108-223-610 1
96 0 ZF108-231-556 1
96 0 ZF108-242-775 1
96 0 ZF108-266-948 1
96 0 ZF108-285-835 1
96 0 ZF108-292-108 1
96 0 ZF108-294-456 1
96 0 ZF108-302-594 1
96 0 ZF108-306-874 1
96 0 ZF108-314-910 1
96 0 ZF108-323-324 1
96 0 ZF108-325-322 1
96 0 ZF108-355-952 1
96 0 ZF108-386-400 1
96 0 ZF108-411-954 1
96 0 ZF108-411-960 1
96 0 ZF108-413-872 1
96 0 ZF108-420-614 1
96 0 ZF108-444-940 1
96 0 ZF108-449-466 1
96 0 ZF108-460-386 1
96 0 ZF108-461-478 1
96 0 ZF108-486-824 1
96 0 ZF108-547-507 1
96 0 ZF208-550-029 1
96 0 ZF108-671-694 1
96 0 ZF108-678-896 1
96 0 ZF108-725-410 1
96 0 ZF108-752-180 1
96 0 ZF108-803-662 1
96 0 ZF108-803-702 1
96 0 ZF108-815-964 1
96 0 ZF108-820-120 1
96 0 ZF109-428-145 1
96 0 ZF109-473-245 1
96 0 ZF109-507-865 1
96 0 ZF109-514-209 1
96 0 ZF109-514-509 1
96 0 ZF109-514-511 1
96 0 ZF109-517-799 1
96 0 ZF109-541-811 1
96 0 ZF109-552-607 1
96 0 ZF109-554-171 1
96 0 ZF209-565-039 1
96 0 ZF109-575-845 1
96 0 ZF109-605-859 1
96 0 ZF109-635-739 1
96 0 ZF109-646-151 1
96 0 ZF109-657-039 1
96 0 ZF109-657-047 1
96 0 ZF109-695-701 1
96 0 ZF109-732-941 1
96 0 ZF109-821-091 1
97 0 ZF206-946-856 1
97 0 ZF206-947-220 1
97 0 ZF206-964-024 1
97 0 ZF207-058-324 1
97 0 ZF207-060-904 1
97 0 ZF207-091-668 1
97 0 ZF207-097-486 1
97 0 ZF207-098-882 1
97 0 ZF207-100-166 1
97 0 ZF207-130-296 1
97 0 ZF207-130-346 1
97 0 ZF207-130-564 1
97 0 ZF207-146-326 1
97 0 ZF207-155-110 1
97 0 ZF207-159-216 1
97 0 ZF207-164-948 1
97 0 ZF207-168-180 1
97 0 ZF207-168-472 1
97 0 ZF207-183-760 1
97 0 ZF207-196-854 1
97 0 ZF207-200-420 1
97 0 ZF207-201-454 1
97 0 ZF207-201-488 1
97 0 ZF207-202-376 1
97 0 ZF207-210-310 1
97 0 ZF207-215-900 1
97 0 ZF207-218-334 1
97 0 ZF207-232-710 1
97 0 ZF207-240-915 1
97 0 ZF207-242-428 1
97 0 ZF207-257-927 1
97 0 ZF207-258-161 1
97 0 ZF207-264-010 1
97 0 ZF207-271-058 1
97 0 ZF207-275-146 1
97 0 ZF207-301-844 1
97 0 ZF207-309-354 1
97 0 ZF207-310-670 1
97 0 ZF207-314-378 1
97 0 ZF207-314-602 1
97 0 ZF207-325-340 1
97 0 ZF207-339-799 1
97 0 ZF207-375-158 1
97 0 ZF207-383-466 1
97 0 ZF207-390-304 1
97 0 ZF207-396-580 1
97 0 ZF207-412-332 1
97 0 ZF207-413-718 1
97 0 ZF207-440-160 1
97 0 ZF207-472-206 1
97 0 ZF207-486-334 1
97 0 ZF207-518-620 1
97 0 ZF207-537-194 1
97 0 ZF207-547-714 1
97 0 ZF207-551-858 1
97 0 ZF207-556-696 1
97 0 ZF207-620-968 1
97 0 ZF207-634-982 1
97 0 ZF207-641-488 1
97 0 ZF207-676-898 1
97 0 ZF207-721-998 1
97 0 ZF207-724-948 1
97 0 ZF207-735-514 1
97 0 ZF207-744-480 1
97 0 ZF207-755-079 1
97 0 ZF207-756-297 1
97 0 ZF207-759-080 1
97 0 ZF207-759-152 1
97 0 ZF207-804-332 1
97 0 ZF207-853-398 1
97 0 ZF207-886-284 1
97 0 ZF207-891-122 1
97 0 ZF207-895-850 1
97 0 ZF207-895-856 1
97 0 ZF107-907-106 1
97 0 ZF207-909-698 1
97 0 ZF107-910-118 1
97 0 ZF207-914-740 1
97 0 ZF107-917-440 1
97 0 ZF107-926-068 1
97 0 ZF107-930-222 1
97 0 ZF207-930-282 1
97 0 ZF107-938-696 1
97 0 ZF107-940-816 1
97 0 ZF107-941-616 1
97 0 ZF107-951-602 1
97 0 ZF107-974-406 1
97 0 ZF107-991-302 1
97 0 ZF207-993-402 1
97 0 ZF108-018-106 1
97 0 ZF108-033-370 1
97 0 ZF208-037-680 1
97 0 ZF108-038-712 1
97 0 ZF108-043-532 1
97 0 ZF108-050-236 1
97 0 ZF108-078-102 1
97 0 ZF108-079-576 1
97 0 ZF108-080-286 1
97 0 ZF108-094-582 1
97 0 ZF108-113-144 1
97 0 ZF108-125-088 1
97 0 ZF108-126-392 1
97 0 ZF108-127-136 1
97 0 ZF108-127-700 1
97 0 ZF108-129-212 1
97 0 ZF108-135-936 1
97 0 ZF108-147-756 1
97 0 ZF108-152-098 1
97 0 ZF108-158-696 1
97 0 ZF108-168-168 1
97 0 ZF208-216-083 1
97 0 ZF108-223-040 1
97 0 ZF108-233-710 1
97 0 ZF108-238-628 1
97 0 ZF108-245-300 1
97 0 ZF108-265-826 1
97 0 ZF108-266-116 1
97 0 ZF108-279-856 1
97 0 ZF108-279-860 1
97 0 ZF108-315-260 1
97 0 ZF108-318-642 1
97 0 ZF108-325-308 1
97 0 ZF108-325-826 1
97 0 ZF108-329-092 1
97 0 ZF108-350-298 1
97 0 ZF108-353-610 1
97 0 ZF108-449-466 1
97 0 ZF108-456-786 1
97 0 ZF108-460-028 1
97 0 ZF108-467-062 1
97 0 ZF108-508-472 1
97 0 ZF108-525-658 1
97 0 ZF108-528-404 1
97 0 ZF108-546-890 1
97 0 ZF108-547-991 1
97 0 ZF208-548-806 1
97 0 ZF108-589-674 1
97 0 ZF108-619-944 1
97 0 ZF108-624-892 1
97 0 ZF108-627-106 1
97 0 ZF108-627-588 1
97 0 ZF108-627-758 1
97 0 ZF108-627-904 1
97 0 ZF108-641-408 1
97 0 ZF108-649-822 1
97 0 ZF108-651-910 1
97 0 ZF108-666-092 1
97 0 ZF108-677-918 1
97 0 ZF108-678-156 1
97 0 ZF108-678-966 1
97 0 ZF108-679-616 1
97 0 ZF108-683-026 1
97 0 ZF108-699-216 1
97 0 ZF108-706-810 1
97 0 ZF108-712-770 1
97 0 ZF108-717-494 1
97 0 ZF108-724-584 1
97 0 ZF108-753-758 1
97 0 ZF108-755-544 1
97 0 ZF108-755-614 1
97 0 ZF108-755-692 1
97 0 ZF108-758-086 1
97 0 ZF108-759-210 1
97 0 ZF108-777-158 1
97 0 ZF108-777-976 1
97 0 ZF108-777-996 1
97 0 ZF108-782-436 1
97 0 ZF108-803-686 1
97 0 ZF108-821-436 1
97 0 ZF108-835-822 1
97 0 ZF108-845-822 1
97 0 ZF109-419-995 1
97 0 ZF109-424-133 1
97 0 ZF109-425-327 1
97 0 ZF109-427-947 1
97 0 ZF109-439-603 1
97 0 ZF109-444-401 1
97 0 ZF109-444-941 1
97 0 ZF109-447-283 1
97 0 ZF109-452-641 1
97 0 ZF109-452-649 1
97 0 ZF109-454-181 1
97 0 ZF109-454-465 1
97 0 ZF109-461-633 1
97 0 ZF109-473-245 1
97 0 ZF109-481-871 1
97 0 ZF109-485-475 1
97 0 ZF109-485-535 1
97 0 ZF109-498-227 1
97 0 ZF109-498-691 1
97 0 ZF109-505-941 1
97 0 ZF109-511-403 1
97 0 ZF109-514-911 1
97 0 ZF209-522-811 1
97 0 ZF209-545-293 1
97 0 ZF109-548-429 1
97 0 ZF109-561-163 1
97 0 ZF109-563-055 1
97 0 ZF109-567-845 1
97 0 ZF109-589-255 1
97 0 ZF109-589-359 1
97 0 ZF109-600-277 1
97 0 ZF109-603-571 1
97 0 ZF109-611-905 1
97 0 ZF109-619-377 1
97 0 ZF109-628-491 1
97 0 ZF109-638-717 1
97 0 ZF109-639-215 1
97 0 ZF109-650-321 1
97 0 ZF109-650-865 1
97 0 ZF109-661-623 1
97 0 ZF109-673-245 1
97 0 ZF109-679-779 1
97 0 ZF109-695-445 1
97 0 ZF109-699-243 1
97 0 ZF109-710-763 1
97 0 ZF109-710-773 1
97 0 ZF109-710-793 1
97 0 ZF109-715-201 1
97 0 ZF109-720-127 1
97 0 ZF109-720-277 1
97 0 ZF109-732-533 1
97 0 ZF109-766-093 1
97 0 ZF109-785-301 1
97 0 ZF109-792-209 1
97 0 ZF109-811-407 1
98 0 ZF206-947-220 1
98 0 ZF206-953-704 1
98 0 ZF206-963-318 1
98 0 ZF206-974-484 1
98 0 ZF207-059-312 1
98 0 ZF207-060-902 1
98 0 ZF207-062-030 1
98 0 ZF207-070-994 1
98 0 ZF207-077-492 1
98 0 ZF207-080-770 1
98 0 ZF207-083-430 1
98 0 ZF207-086-736 1
98 0 ZF207-098-214 1
98 0 ZF207-098-882 1
98 0 ZF207-106-904 1
98 0 ZF207-118-848 1
98 0 ZF207-128-586 1
98 0 ZF207-130-346 1
98 0 ZF207-134-448 1
98 0 ZF207-134-492 1
98 0 ZF207-134-514 1
98 0 ZF207-136-118 1
98 0 ZF207-149-844 1
98 0 ZF207-152-626 1
98 0 ZF207-153-986 1
98 0 ZF207-155-110 1
98 0 ZF207-159-216 1
98 0 ZF207-162-952 1
98 0 ZF207-194-602 1
98 0 ZF207-198-490 1
98 0 ZF207-201-454 1
98 0 ZF207-201-488 1
98 0 ZF207-210-300 1
98 0 ZF207-210-310 1
98 0 ZF207-218-230 1
98 0 ZF207-229-036 1
98 0 ZF207-231-371 1
98 0 ZF207-234-298 1
98 0 ZF207-237-691 1
98 0 ZF207-248-480 1
98 0 ZF207-248-621 1
98 0 ZF207-253-412 1
98 0 ZF207-255-511 1
98 0 ZF207-261-075 1
98 0 ZF207-271-041 1
98 0 ZF207-271-058 1
98 0 ZF207-274-445 1
98 0 ZF207-274-739 1
98 0 ZF207-275-207 1
98 0 ZF207-277-152 1
98 0 ZF207-282-175 1
98 0 ZF207-286-744 1
98 0 ZF207-289-177 1
98 0 ZF207-290-944 1
98 0 ZF207-293-850 1
98 0 ZF207-297-071 1
98 0 ZF207-297-231 1
98 0 ZF207-310-364 1
98 0 ZF207-313-945 1
98 0 ZF207-314-262 1
98 0 ZF207-314-270 1
98 0 ZF207-315-767 1
98 0 ZF207-317-589 1
98 0 ZF207-318-101 1
98 0 ZF207-318-556 1
98 0 ZF207-318-898 1
98 0 ZF207-321-150 1
98 0 ZF207-325-175 1
98 0 ZF207-326-449 1
98 0 ZF207-327-890 1
98 0 ZF207-333-563 1
98 0 ZF207-333-603 1
98 0 ZF207-334-124 1
98 0 ZF207-336-249 1
98 0 ZF207-341-555 1
98 0 ZF207-346-757 1
98 0 ZF207-348-859 1
98 0 ZF207-355-676 1
98 0 ZF207-366-236 1
98 0 ZF207-367-172 1
98 0 ZF207-374-576 1
98 0 ZF207-376-802 1
98 0 ZF207-387-624 1
98 0 ZF207-397-322 1
98 0 ZF207-397-326 1
98 0 ZF207-402-124 1
98 0 ZF207-402-764 1
98 0 ZF207-411-964 1
98 0 ZF207-413-718 1
98 0 ZF207-415-624 1
98 0 ZF207-416-430 1
98 0 ZF207-420-622 1
98 0 ZF207-428-660 1
98 0 ZF207-449-932 1
98 0 ZF207-449-944 1
98 0 ZF207-472-206 1
98 0 ZF207-484-256 1
98 0 ZF207-486-842 1
98 0 ZF207-488-404 1
98 0 ZF207-504-740 1
98 0 ZF207-517-996 1
98 0 ZF207-519-080 1
98 0 ZF207-519-494 1
98 0 ZF207-520-976 1
98 0 ZF207-521-350 1
98 0 ZF207-523-808 1
98 0 ZF207-535-628 1
98 0 ZF207-535-884 1
98 0 ZF207-541-030 1
98 0 ZF207-545-904 1
98 0 ZF207-548-016 1
98 0 ZF207-550-014 1
98 0 ZF207-551-550 1
98 0 ZF207-551-858 1
98 0 ZF207-555-652 1
98 0 ZF207-556-450 1
98 0 ZF207-556-696 1
98 0 ZF207-561-164 1
98 0 ZF207-565-062 1
98 0 ZF207-566-236 1
98 0 ZF207-584-547 1
98 0 ZF207-592-232 1
98 0 ZF207-592-714 1
98 0 ZF207-593-748 1
98 0 ZF207-607-636 1
98 0 ZF207-609-010 1
98 0 ZF207-632-016 1
98 0 ZF207-637-100 1
98 0 ZF207-640-868 1
98 0 ZF207-676-990 1
98 0 ZF207-686-480 1
98 0 ZF207-699-788 1
98 0 ZF207-719-876 1
98 0 ZF207-719-986 1
98 0 ZF207-721-998 1
98 0 ZF207-724-948 1
98 0 ZF207-730-520 1
98 0 ZF207-730-748 1
98 0 ZF207-731-970 1
98 0 ZF207-735-220 1
98 0 ZF207-735-514 1
98 0 ZF207-744-480 1
98 0 ZF207-747-540 1
98 0 ZF207-749-652 1
98 0 ZF207-755-079 1
98 0 ZF207-756-297 1
98 0 ZF207-758-552 1
98 0 ZF207-761-363 1
98 0 ZF207-762-019 1
98 0 ZF207-762-118 1
98 0 ZF207-767-586 1
98 0 ZF207-782-636 1
98 0 ZF207-804-320 1
98 0 ZF207-804-332 1
98 0 ZF207-826-924 1
98 0 ZF207-827-034 1
98 0 ZF207-827-228 1
98 0 ZF207-849-036 1
98 0 ZF207-853-398 1
98 0 ZF207-858-350 1
98 0 ZF207-865-326 1
98 0 ZF207-873-252 1
98 0 ZF207-891-122 1
98 0 ZF207-895-418 1
98 0 ZF207-895-850 1
98 0 ZF207-895-878 1
98 0 ZF107-906-892 1
98 0 ZF207-909-698 1
98 0 ZF107-910-118 1
98 0 ZF107-935-540 1
98 0 ZF207-938-944 1
98 0 ZF207-941-154 1
98 0 ZF107-962-170 1
98 0 ZF107-962-334 1
98 0 ZF107-965-882 1
98 0 ZF207-971-700 1
98 0 ZF107-975-270 1
98 0 ZF107-991-334 1
98 0 ZF108-013-124 1
98 0 ZF108-018-106 1
98 0 ZF108-056-150 1
98 0 ZF108-060-558 1
98 0 ZF108-061-260 1
98 0 ZF108-065-474 1
98 0 ZF108-066-880 1
98 0 ZF108-073-718 1
98 0 ZF108-078-102 1
98 0 ZF108-080-284 1
98 0 ZF108-080-286 1
98 0 ZF108-080-330 1
98 0 ZF108-080-362 1
98 0 ZF108-093-562 1
98 0 ZF108-094-582 1
98 0 ZF108-098-848 1
98 0 ZF208-106-902 1
98 0 ZF108-107-542 1
98 0 ZF108-127-070 1
98 0 ZF108-127-700 1
98 0 ZF108-129-114 1
98 0 ZF108-129-212 1
98 0 ZF108-134-702 1
98 0 ZF108-147-338 1
98 0 ZF108-155-074 1
98 0 ZF108-168-168 1
98 0 ZF108-168-204 1
98 0 ZF108-178-368 1
98 0 ZF108-186-028 1
98 0 ZF108-192-084 1
98 0 ZF108-198-842 1
98 0 ZF208-217-161 1
98 0 ZF108-220-208 1
98 0 ZF108-220-502 1
98 0 ZF108-223-040 1
98 0 ZF108-235-536 1
98 0 ZF108-239-132 1
98 0 ZF108-243-776 1
98 0 ZF108-245-464 1
98 0 ZF108-249-876 1
98 0 ZF108-251-942 1
98 0 ZF108-261-858 1
98 0 ZF108-265-826 1
98 0 ZF108-266-188 1
98 0 ZF108-266-936 1
98 0 ZF108-276-904 1
98 0 ZF108-279-896 1
98 0 ZF108-283-366 1
98 0 ZF108-288-966 1
98 0 ZF108-310-484 1
98 0 ZF108-310-492 1
98 0 ZF108-315-260 1
98 0 ZF108-321-122 1
98 0 ZF108-324-418 1
98 0 ZF108-325-256 1
98 0 ZF108-325-308 1
98 0 ZF108-334-748 1
98 0 ZF108-338-462 1
98 0 ZF108-346-098 1
98 0 ZF108-350-298 1
98 0 ZF108-350-988 1
98 0 ZF108-351-888 1
98 0 ZF108-356-634 1
98 0 ZF108-362-092 1
98 0 ZF108-364-242 1
98 0 ZF108-367-996 1
98 0 ZF108-376-976 1
98 0 ZF108-377-234 1
98 0 ZF108-402-144 1
98 0 ZF108-419-168 1
98 0 ZF108-431-856 1
98 0 ZF108-444-396 1
98 0 ZF108-444-940 1
98 0 ZF108-449-438 1
98 0 ZF108-449-448 1
98 0 ZF108-460-296 1
98 0 ZF108-486-290 1
98 0 ZF108-486-874 1
98 0 ZF108-497-632 1
98 0 ZF108-497-650 1
98 0 ZF108-506-918 1
98 0 ZF108-518-428 1
98 0 ZF108-525-726 1
98 0 ZF108-525-730 1
98 0 ZF108-525-736 1
98 0 ZF108-525-758 1
98 0 ZF108-525-894 1
98 0 ZF108-532-354 1
98 0 ZF108-533-448 1
98 0 ZF108-538-328 1
98 0 ZF108-545-638 1
98 0 ZF108-546-890 1
98 0 ZF208-548-798 1
98 0 ZF108-555-860 1
98 0 ZF108-559-380 1
98 0 ZF108-559-606 1
98 0 ZF108-564-806 1
98 0 ZF108-589-692 1
98 0 ZF108-590-102 1
98 0 ZF108-609-410 1
98 0 ZF108-612-008 1
98 0 ZF108-616-964 1
98 0 ZF108-618-980 1
98 0 ZF108-627-106 1
98 0 ZF108-627-758 1
98 0 ZF108-638-680 1
98 0 ZF108-641-400 1
98 0 ZF108-643-618 1
98 0 ZF108-655-228 1
98 0 ZF108-666-092 1
98 0 ZF108-671-636 1
98 0 ZF108-671-664 1
98 0 ZF108-677-592 1
98 0 ZF108-678-156 1
98 0 ZF108-679-616 1
98 0 ZF108-702-092 1
98 0 ZF108-702-114 1
98 0 ZF108-702-140 1
98 0 ZF108-706-308 1
98 0 ZF108-706-636 1
98 0 ZF108-706-672 1
98 0 ZF108-706-878 1
98 0 ZF108-715-578 1
98 0 ZF108-716-758 1
98 0 ZF108-717-494 1
98 0 ZF108-717-760 1
98 0 ZF108-719-392 1
98 0 ZF108-719-426 1
98 0 ZF108-720-346 1
98 0 ZF108-721-178 1
98 0 ZF108-721-626 1
98 0 ZF108-726-436 1
98 0 ZF108-731-194 1
98 0 ZF108-738-588 1
98 0 ZF108-746-958 1
98 0 ZF108-755-782 1
98 0 ZF108-758-958 1
98 0 ZF108-759-210 1
98 0 ZF108-761-744 1
98 0 ZF108-766-638 1
98 0 ZF108-766-994 1
98 0 ZF108-770-990 1
98 0 ZF108-772-938 1
98 0 ZF108-777-158 1
98 0 ZF108-785-878 1
98 0 ZF108-816-126 1
98 0 ZF108-818-938 1
98 0 ZF108-818-960 1
98 0 ZF108-819-992 1
98 0 ZF108-821-254 1
98 0 ZF108-822-530 1
98 0 ZF108-831-652 1
98 0 ZF108-835-804 1
98 0 ZF108-836-482 1
98 0 ZF108-837-142 1
98 0 ZF108-839-140 1
98 0 ZF108-841-234 1
98 0 ZF108-842-184 1
98 0 ZF108-845-622 1
98 0 ZF108-846-112 1
98 0 ZF109-387-378 1
98 0 ZF109-390-846 1
98 0 ZF109-390-890 1
98 0 ZF109-394-558 1
98 0 ZF109-402-910 1
98 0 ZF109-407-888 1
98 0 ZF109-409-183 1
98 0 ZF109-409-725 1
98 0 ZF109-414-273 1
98 0 ZF109-416-365 1
98 0 ZF109-420-217 1
98 0 ZF109-423-805 1
98 0 ZF109-423-809 1
98 0 ZF109-424-541 1
98 0 ZF109-424-799 1
98 0 ZF109-426-497 1
98 0 ZF109-432-509 1
98 0 ZF109-436-803 1
98 0 ZF109-439-187 1
98 0 ZF109-444-941 1
98 0 ZF109-449-113 1
98 0 ZF109-452-215 1
98 0 ZF109-452-345 1
98 0 ZF109-452-641 1
98 0 ZF109-452-643 1
98 0 ZF109-452-649 1
98 0 ZF109-454-181 1
98 0 ZF109-454-717 1
98 0 ZF109-454-837 1
98 0 ZF109-460-573 1
98 0 ZF109-466-543 1
98 0 ZF109-468-673 1
98 0 ZF109-472-901 1
98 0 ZF109-472-989 1
98 0 ZF109-473-233 1
98 0 ZF109-473-355 1
98 0 ZF109-474-101 1
98 0 ZF109-477-745 1
98 0 ZF109-481-609 1
98 0 ZF109-483-025 1
98 0 ZF109-484-859 1
98 0 ZF109-485-037 1
98 0 ZF109-486-989 1
98 0 ZF109-511-403 1
98 0 ZF109-514-217 1
98 0 ZF109-515-489 1
98 0 ZF209-519-459 1
98 0 ZF109-521-509 1
98 0 ZF209-522-811 1
98 0 ZF209-522-825 1
98 0 ZF109-526-237 1
98 0 ZF109-527-563 1
98 0 ZF109-543-441 1
98 0 ZF209-545-293 1
98 0 ZF109-548-429 1
98 0 ZF109-549-435 1
98 0 ZF109-552-607 1
98 0 ZF209-557-019 1
98 0 ZF109-559-329 1
98 0 ZF109-561-163 1
98 0 ZF109-561-207 1
98 0 ZF109-563-055 1
98 0 ZF109-567-845 1
98 0 ZF109-569-533 1
98 0 ZF109-579-551 1
98 0 ZF109-579-919 1
98 0 ZF109-579-937 1
98 0 ZF109-579-991 1
98 0 ZF109-589-127 1
98 0 ZF109-590-103 1
98 0 ZF109-590-107 1
98 0 ZF109-593-361 1
98 0 ZF109-593-881 1
98 0 ZF109-600-277 1
98 0 ZF109-600-299 1
98 0 ZF109-600-515 1
98 0 ZF109-601-491 1
98 0 ZF109-603-571 1
98 0 ZF109-603-943 1
98 0 ZF109-603-991 1
98 0 ZF109-605-811 1
98 0 ZF109-610-333 1
98 0 ZF109-610-419 1
98 0 ZF109-610-955 1
98 0 ZF109-615-047 1
98 0 ZF109-615-197 1
98 0 ZF109-617-715 1
98 0 ZF109-620-023 1
98 0 ZF109-624-563 1
98 0 ZF109-628-491 1
98 0 ZF109-628-991 1
98 0 ZF109-635-555 1
98 0 ZF109-638-789 1
98 0 ZF109-640-209 1
98 0 ZF109-656-793 1
98 0 ZF109-657-503 1
98 0 ZF109-659-757 1
98 0 ZF109-660-505 1
98 0 ZF109-660-923 1
98 0 ZF109-660-935 1
98 0 ZF109-661-623 1
98 0 ZF109-665-855 1
98 0 ZF109-669-601 1
98 0 ZF109-670-559 1
98 0 ZF109-673-919 1
98 0 ZF109-676-193 1
98 0 ZF109-679-527 1
98 0 ZF109-679-779 1
98 0 ZF109-684-689 1
98 0 ZF109-699-243 1
98 0 ZF109-710-771 1
98 0 ZF109-712-683 1
98 0 ZF109-715-201 1
98 0 ZF109-766-093 1
98 0 ZF109-784-349 1
98 0 ZF109-785-301 1
98 0 ZF109-794-275 1
98 0 ZF109-813-257 1
98 0 ZF109-822-293 1
98 0 ZF109-849-541 1
100 0 ZF207-258-960 1
100 0 ZF207-268-619 1
100 0 ZF207-424-342 1
100 0 ZF207-438-996 1
100 0 ZF207-445-524 1
100 0 ZF207-450-656 1
100 0 ZF207-453-030 1
100 0 ZF207-456-208 1
100 0 ZF207-468-714 1
100 0 ZF207-484-586 1
100 0 ZF207-517-532 1
100 0 ZF207-547-048 1
100 0 ZF207-551-892 1
100 0 ZF207-686-546 1
100 0 ZF207-765-917 1
100 0 ZF207-877-794 1
100 0 ZF107-951-124 1
100 0 ZF107-952-338 1
100 0 ZF107-982-286 1
100 0 ZF107-983-112 1
100 0 ZF207-996-944 1
100 0 ZF108-018-430 1
100 0 ZF108-034-612 1
100 0 ZF108-085-120 1
100 0 ZF108-094-244 1
100 0 ZF108-098-708 1
100 0 ZF108-102-760 1
100 0 ZF108-128-994 1
100 0 ZF108-129-514 1
100 0 ZF108-157-176 1
100 0 ZF108-163-508 1
100 0 ZF108-175-458 1
100 0 ZF108-187-362 1
100 0 ZF108-188-598 1
100 0 ZF108-209-674 1
100 0 ZF108-213-482 1
100 0 ZF108-223-648 1
100 0 ZF108-224-895 1
100 0 ZF108-240-108 1
100 0 ZF108-249-240 1
100 0 ZF108-262-084 1
100 0 ZF108-284-304 1
100 0 ZF108-285-963 1
100 0 ZF108-292-570 1
100 0 ZF108-302-676 1
100 0 ZF108-312-146 1
100 0 ZF108-320-838 1
100 0 ZF108-329-703 1
100 0 ZF108-330-414 1
100 0 ZF108-330-616 1
100 0 ZF108-341-110 1
100 0 ZF108-343-842 1
100 0 ZF108-359-260 1
100 0 ZF108-380-230 1
100 0 ZF108-400-022 1
100 0 ZF108-400-612 1
100 0 ZF108-409-644 1
100 0 ZF108-411-718 1
100 0 ZF108-420-170 1
100 0 ZF108-437-470 1
100 0 ZF108-437-602 1
100 0 ZF108-437-620 1
100 0 ZF108-441-048 1
100 0 ZF108-474-912 1
100 0 ZF108-480-084 1
100 0 ZF108-505-600 1
100 0 ZF108-507-994 1
100 0 ZF108-520-778 1
100 0 ZF108-532-198 1
100 0 ZF108-533-738 1
100 0 ZF108-551-070 1
100 0 ZF108-551-526 1
100 0 ZF108-554-388 1
100 0 ZF108-557-962 1
100 0 ZF108-560-076 1
100 0 ZF108-565-256 1
100 0 ZF108-568-026 1
100 0 ZF108-578-288 1
100 0 ZF108-605-680 1
100 0 ZF108-609-490 1
100 0 ZF108-653-896 1
100 0 ZF108-665-942 1
100 0 ZF108-666-222 1
100 0 ZF108-671-680 1
100 0 ZF108-675-826 1
100 0 ZF108-755-306 1
100 0 ZF108-776-894 1
100 0 ZF108-785-006 1
100 0 ZF108-785-108 1
100 0 ZF108-790-694 1
100 0 ZF108-803-376 1
100 0 ZF108-803-766 1
100 0 ZF108-850-805 1
100 0 ZF109-104-069 1
100 0 ZF109-409-609 1
100 0 ZF109-451-435 1
100 0 ZF109-499-523 1
100 0 ZF109-515-367 1
100 0 ZF109-536-723 1
100 0 ZF109-540-101 1
100 0 ZF109-573-357 1
100 0 ZF109-576-225 1
100 0 ZF109-577-115 1
100 0 ZF109-580-061 1
100 0 ZF109-616-109 1
100 0 ZF109-617-599 1
100 0 ZF109-645-945 1
100 0 ZF109-660-381 1
100 0 ZF109-669-445 1
100 0 ZF109-701-583 1
100 0 ZF109-831-047 1
