051 0 AP880511-0346 2.858180754188631
051 0 AP880511-0228 2.8552144580683096
051 0 AP880511-0284 2.8533370010555665
051 0 AP880511-0212 2.851828211189702
051 0 AP880511-0328 2.8513791380272564
051 0 AP880511-0039 2.8512635662580657
051 0 AP880511-0202 2.8507431877290563
051 0 AP880511-0188 2.847385270805969
051 0 AP880511-0264 2.846688408243027
051 0 AP880511-0332 2.8459959537003647
051 0 AP880511-0329 2.844246388798216
051 0 AP880511-0349 2.8430118232547654
051 0 AP880511-0290 2.838370093573956
051 0 AP880511-0059 2.835919333436511
051 0 AP880511-0024 2.8333229145670953
051 0 AP880511-0266 2.8268431011900628
051 0 AP880511-0338 2.826822039942468
051 0 AP880511-0067 2.822582394241475
051 0 AP880511-0226 2.819948551799705
051 0 AP880511-0340 2.8176878590803915
051 0 AP880511-0169 2.8110941370995874
051 0 AP880511-0197 2.790230708837602
051 0 AP880511-0346 2.858180754188631
051 0 AP880511-0228 2.8552144580683096
051 0 AP880511-0284 2.8533370010555665
051 0 AP880511-0212 2.851828211189702
051 0 AP880511-0328 2.8513791380272564
051 0 AP880511-0039 2.8512635662580657
051 0 AP880511-0202 2.8507431877290563
051 0 AP880511-0188 2.847385270805969
051 0 AP880511-0264 2.846688408243027
051 0 AP880511-0332 2.8459959537003647
051 0 AP880511-0329 2.844246388798216
051 0 AP880511-0349 2.8430118232547654
051 0 AP880511-0290 2.838370093573956
051 0 AP880511-0059 2.835919333436511
051 0 AP880511-0024 2.8333229145670953
051 0 AP880511-0266 2.8268431011900628
051 0 AP880511-0338 2.826822039942468
051 0 AP880511-0067 2.822582394241475
051 0 AP880511-0226 2.819948551799705
051 0 AP880511-0340 2.8176878590803915
051 0 AP880511-0169 2.8110941370995874
051 0 AP880511-0197 2.790230708837602
052 0 AP880511-0226 11.091454931094418
052 0 AP880511-0346 1.4290903770943155
052 0 AP880511-0228 1.4276072290341548
052 0 AP880511-0284 1.4266685005277833
052 0 AP880511-0212 1.425914105594851
052 0 AP880511-0328 1.4256895690136282
052 0 AP880511-0039 1.4256317831290328
052 0 AP880511-0202 1.4253715938645282
052 0 AP880511-0188 1.4236926354029844
052 0 AP880511-0264 1.4233442041215134
052 0 AP880511-0332 1.4229979768501824
052 0 AP880511-0329 1.422123194399108
052 0 AP880511-0349 1.4215059116273827
052 0 AP880511-0290 1.419185046786978
052 0 AP880511-0059 1.4179596667182555
052 0 AP880511-0024 1.4166614572835476
052 0 AP880511-0266 1.4134215505950314
052 0 AP880511-0338 1.413411019971234
052 0 AP880511-0067 1.4112911971207376
052 0 AP880511-0340 1.4088439295401958
052 0 AP880511-0169 1.4055470685497937
052 0 AP880511-0197 1.395115354418801
053 0 AP880511-0067 62.85486259254468
053 0 AP880511-0329 58.547979079212226
053 0 AP880511-0059 57.1256948404459
053 0 AP880511-0228 54.694128782756565
053 0 AP880511-0188 54.37277915304194
053 0 AP880511-0226 53.61793773925996
053 0 AP880511-0212 53.22154045879881
053 0 AP880511-0284 52.683189831638344
053 0 AP880511-0349 52.65275685834569
053 0 AP880511-0024 52.18873232508082
053 0 AP880511-0290 51.74101572709837
053 0 AP880511-0340 51.71105933030272
053 0 AP880511-0202 51.66154266577393
053 0 AP880511-0346 49.92131461862493
053 0 AP880511-0264 49.518330922545275
053 0 AP880511-0197 49.48097920440272
053 0 AP880511-0332 49.032568799709566
053 0 AP880511-0039 47.91451748284148
053 0 AP880511-0328 45.895045927258245
053 0 AP880511-0338 44.17616914523142
053 0 AP880511-0266 43.14121239330258
053 0 AP880511-0169 39.63202194700606
054 0 AP880511-0346 1.4290903770943155
054 0 AP880511-0228 1.4276072290341548
054 0 AP880511-0284 1.4266685005277833
054 0 AP880511-0212 1.425914105594851
054 0 AP880511-0328 1.4256895690136282
054 0 AP880511-0039 1.4256317831290328
054 0 AP880511-0202 1.4253715938645282
054 0 AP880511-0188 1.4236926354029844
054 0 AP880511-0264 1.4233442041215134
054 0 AP880511-0332 1.4229979768501824
054 0 AP880511-0329 1.422123194399108
054 0 AP880511-0349 1.4215059116273827
054 0 AP880511-0290 1.419185046786978
054 0 AP880511-0059 1.4179596667182555
054 0 AP880511-0024 1.4166614572835476
054 0 AP880511-0266 1.4134215505950314
054 0 AP880511-0338 1.413411019971234
054 0 AP880511-0067 1.4112911971207376
054 0 AP880511-0226 1.4099742758998526
054 0 AP880511-0340 1.4088439295401958
054 0 AP880511-0169 1.4055470685497937
054 0 AP880511-0197 1.395115354418801
055 0 AP880511-0346 1.4290903770943155
055 0 AP880511-0228 1.4276072290341548
055 0 AP880511-0284 1.4266685005277833
055 0 AP880511-0212 1.425914105594851
055 0 AP880511-0328 1.4256895690136282
055 0 AP880511-0039 1.4256317831290328
055 0 AP880511-0202 1.4253715938645282
055 0 AP880511-0188 1.4236926354029844
055 0 AP880511-0264 1.4233442041215134
055 0 AP880511-0332 1.4229979768501824
055 0 AP880511-0329 1.422123194399108
055 0 AP880511-0349 1.4215059116273827
055 0 AP880511-0290 1.419185046786978
055 0 AP880511-0059 1.4179596667182555
055 0 AP880511-0024 1.4166614572835476
055 0 AP880511-0266 1.4134215505950314
055 0 AP880511-0338 1.413411019971234
055 0 AP880511-0067 1.4112911971207376
055 0 AP880511-0226 1.4099742758998526
055 0 AP880511-0340 1.4088439295401958
055 0 AP880511-0169 1.4055470685497937
055 0 AP880511-0197 1.395115354418801
056 0 AP880511-0228 3.9617986307506268
056 0 AP880511-0346 1.4290903770943155
056 0 AP880511-0284 1.4266685005277833
056 0 AP880511-0212 1.425914105594851
056 0 AP880511-0328 1.4256895690136282
056 0 AP880511-0039 1.4256317831290328
056 0 AP880511-0202 1.4253715938645282
056 0 AP880511-0188 1.4236926354029844
056 0 AP880511-0264 1.4233442041215134
056 0 AP880511-0332 1.4229979768501824
056 0 AP880511-0329 1.422123194399108
056 0 AP880511-0349 1.4215059116273827
056 0 AP880511-0290 1.419185046786978
056 0 AP880511-0059 1.4179596667182555
056 0 AP880511-0024 1.4166614572835476
056 0 AP880511-0266 1.4134215505950314
056 0 AP880511-0338 1.413411019971234
056 0 AP880511-0067 1.4112911971207376
056 0 AP880511-0226 1.4099742758998526
056 0 AP880511-0340 1.4088439295401958
056 0 AP880511-0169 1.4055470685497937
056 0 AP880511-0197 1.395115354418801
057 0 AP880511-0346 1.4290903770943155
057 0 AP880511-0228 1.4276072290341548
057 0 AP880511-0284 1.4266685005277833
057 0 AP880511-0212 1.425914105594851
057 0 AP880511-0328 1.4256895690136282
057 0 AP880511-0039 1.4256317831290328
057 0 AP880511-0202 1.4253715938645282
057 0 AP880511-0188 1.4236926354029844
057 0 AP880511-0264 1.4233442041215134
057 0 AP880511-0332 1.4229979768501824
057 0 AP880511-0329 1.422123194399108
057 0 AP880511-0349 1.4215059116273827
057 0 AP880511-0290 1.419185046786978
057 0 AP880511-0059 1.4179596667182555
057 0 AP880511-0024 1.4166614572835476
057 0 AP880511-0266 1.4134215505950314
057 0 AP880511-0338 1.413411019971234
057 0 AP880511-0067 1.4112911971207376
057 0 AP880511-0226 1.4099742758998526
057 0 AP880511-0340 1.4088439295401958
057 0 AP880511-0169 1.4055470685497937
057 0 AP880511-0197 1.395115354418801
058 0 AP880511-0346 1.4290903770943155
058 0 AP880511-0228 1.4276072290341548
058 0 AP880511-0284 1.4266685005277833
058 0 AP880511-0212 1.425914105594851
058 0 AP880511-0328 1.4256895690136282
058 0 AP880511-0039 1.4256317831290328
058 0 AP880511-0202 1.4253715938645282
058 0 AP880511-0188 1.4236926354029844
058 0 AP880511-0264 1.4233442041215134
058 0 AP880511-0332 1.4229979768501824
058 0 AP880511-0329 1.422123194399108
058 0 AP880511-0349 1.4215059116273827
058 0 AP880511-0290 1.419185046786978
058 0 AP880511-0059 1.4179596667182555
058 0 AP880511-0024 1.4166614572835476
058 0 AP880511-0266 1.4134215505950314
058 0 AP880511-0338 1.413411019971234
058 0 AP880511-0067 1.4112911971207376
058 0 AP880511-0226 1.4099742758998526
058 0 AP880511-0340 1.4088439295401958
058 0 AP880511-0169 1.4055470685497937
058 0 AP880511-0197 1.395115354418801
059 0 AP880511-0346 1.4290903770943155
059 0 AP880511-0228 1.4276072290341548
059 0 AP880511-0284 1.4266685005277833
059 0 AP880511-0212 1.425914105594851
059 0 AP880511-0328 1.4256895690136282
059 0 AP880511-0039 1.4256317831290328
059 0 AP880511-0202 1.4253715938645282
059 0 AP880511-0188 1.4236926354029844
059 0 AP880511-0264 1.4233442041215134
059 0 AP880511-0332 1.4229979768501824
059 0 AP880511-0329 1.422123194399108
059 0 AP880511-0349 1.4215059116273827
059 0 AP880511-0290 1.419185046786978
059 0 AP880511-0059 1.4179596667182555
059 0 AP880511-0024 1.4166614572835476
059 0 AP880511-0266 1.4134215505950314
059 0 AP880511-0338 1.413411019971234
059 0 AP880511-0067 1.4112911971207376
059 0 AP880511-0226 1.4099742758998526
059 0 AP880511-0340 1.4088439295401958
059 0 AP880511-0169 1.4055470685497937
059 0 AP880511-0197 1.395115354418801
060 0 AP880511-0346 1.4290903770943155
060 0 AP880511-0228 1.4276072290341548
060 0 AP880511-0284 1.4266685005277833
060 0 AP880511-0212 1.425914105594851
060 0 AP880511-0328 1.4256895690136282
060 0 AP880511-0039 1.4256317831290328
060 0 AP880511-0202 1.4253715938645282
060 0 AP880511-0188 1.4236926354029844
060 0 AP880511-0264 1.4233442041215134
060 0 AP880511-0332 1.4229979768501824
060 0 AP880511-0329 1.422123194399108
060 0 AP880511-0349 1.4215059116273827
060 0 AP880511-0290 1.419185046786978
060 0 AP880511-0059 1.4179596667182555
060 0 AP880511-0024 1.4166614572835476
060 0 AP880511-0266 1.4134215505950314
060 0 AP880511-0338 1.413411019971234
060 0 AP880511-0067 1.4112911971207376
060 0 AP880511-0226 1.4099742758998526
060 0 AP880511-0340 1.4088439295401958
060 0 AP880511-0169 1.4055470685497937
060 0 AP880511-0197 1.395115354418801
061 0 AP880511-0039 7.241985953870322
061 0 AP880511-0290 4.360512737772968
061 0 AP880511-0188 2.7847707511289688
061 0 AP880511-0349 2.776969628267305
061 0 AP880511-0329 2.7678150634491647
061 0 AP880511-0338 2.767565710806865
061 0 AP880511-0202 2.763698636136201
061 0 AP880511-0284 2.7478885942085145
061 0 AP880511-0212 2.7433181447862767
061 0 AP880511-0228 2.729252862193447
061 0 AP880511-0059 2.7247610147425263
061 0 AP880511-0332 2.7028812063166288
061 0 AP880511-0169 2.6970034542850336
061 0 AP880511-0346 2.6908641889323484
061 0 AP880511-0340 2.6878604462954145
061 0 AP880511-0266 2.6874865629450264
061 0 AP880511-0226 2.6862735201698325
061 0 AP880511-0024 2.6762749520776463
061 0 AP880511-0328 2.666608896779357
061 0 AP880511-0264 2.6585966345701646
061 0 AP880511-0197 2.5172586672141133
061 0 AP880511-0067 2.3002879770294866
062 0 AP880511-0346 1.4290903770943155
062 0 AP880511-0228 1.4276072290341548
062 0 AP880511-0284 1.4266685005277833
062 0 AP880511-0212 1.425914105594851
062 0 AP880511-0328 1.4256895690136282
062 0 AP880511-0039 1.4256317831290328
062 0 AP880511-0202 1.4253715938645282
062 0 AP880511-0188 1.4236926354029844
062 0 AP880511-0264 1.4233442041215134
062 0 AP880511-0332 1.4229979768501824
062 0 AP880511-0329 1.422123194399108
062 0 AP880511-0349 1.4215059116273827
062 0 AP880511-0290 1.419185046786978
062 0 AP880511-0059 1.4179596667182555
062 0 AP880511-0024 1.4166614572835476
062 0 AP880511-0266 1.4134215505950314
062 0 AP880511-0338 1.413411019971234
062 0 AP880511-0067 1.4112911971207376
062 0 AP880511-0226 1.4099742758998526
062 0 AP880511-0340 1.4088439295401958
062 0 AP880511-0169 1.4055470685497937
062 0 AP880511-0197 1.395115354418801
063 0 AP880511-0346 1.4290903770943155
063 0 AP880511-0228 1.4276072290341548
063 0 AP880511-0284 1.4266685005277833
063 0 AP880511-0212 1.425914105594851
063 0 AP880511-0328 1.4256895690136282
063 0 AP880511-0039 1.4256317831290328
063 0 AP880511-0202 1.4253715938645282
063 0 AP880511-0188 1.4236926354029844
063 0 AP880511-0264 1.4233442041215134
063 0 AP880511-0332 1.4229979768501824
063 0 AP880511-0329 1.422123194399108
063 0 AP880511-0349 1.4215059116273827
063 0 AP880511-0290 1.419185046786978
063 0 AP880511-0059 1.4179596667182555
063 0 AP880511-0024 1.4166614572835476
063 0 AP880511-0266 1.4134215505950314
063 0 AP880511-0338 1.413411019971234
063 0 AP880511-0067 1.4112911971207376
063 0 AP880511-0226 1.4099742758998526
063 0 AP880511-0340 1.4088439295401958
063 0 AP880511-0169 1.4055470685497937
063 0 AP880511-0197 1.395115354418801
064 0 AP880511-0346 1.4290903770943155
064 0 AP880511-0228 1.4276072290341548
064 0 AP880511-0284 1.4266685005277833
064 0 AP880511-0212 1.425914105594851
064 0 AP880511-0328 1.4256895690136282
064 0 AP880511-0039 1.4256317831290328
064 0 AP880511-0202 1.4253715938645282
064 0 AP880511-0188 1.4236926354029844
064 0 AP880511-0264 1.4233442041215134
064 0 AP880511-0332 1.4229979768501824
064 0 AP880511-0329 1.422123194399108
064 0 AP880511-0349 1.4215059116273827
064 0 AP880511-0290 1.419185046786978
064 0 AP880511-0059 1.4179596667182555
064 0 AP880511-0024 1.4166614572835476
064 0 AP880511-0266 1.4134215505950314
064 0 AP880511-0338 1.413411019971234
064 0 AP880511-0067 1.4112911971207376
064 0 AP880511-0226 1.4099742758998526
064 0 AP880511-0340 1.4088439295401958
064 0 AP880511-0169 1.4055470685497937
064 0 AP880511-0197 1.395115354418801
065 0 AP880511-0346 1.4290903770943155
065 0 AP880511-0228 1.4276072290341548
065 0 AP880511-0284 1.4266685005277833
065 0 AP880511-0212 1.425914105594851
065 0 AP880511-0328 1.4256895690136282
065 0 AP880511-0039 1.4256317831290328
065 0 AP880511-0202 1.4253715938645282
065 0 AP880511-0188 1.4236926354029844
065 0 AP880511-0264 1.4233442041215134
065 0 AP880511-0332 1.4229979768501824
065 0 AP880511-0329 1.422123194399108
065 0 AP880511-0349 1.4215059116273827
065 0 AP880511-0290 1.419185046786978
065 0 AP880511-0059 1.4179596667182555
065 0 AP880511-0024 1.4166614572835476
065 0 AP880511-0266 1.4134215505950314
065 0 AP880511-0338 1.413411019971234
065 0 AP880511-0067 1.4112911971207376
065 0 AP880511-0226 1.4099742758998526
065 0 AP880511-0340 1.4088439295401958
065 0 AP880511-0169 1.4055470685497937
065 0 AP880511-0197 1.395115354418801
066 0 AP880511-0024 4.204615562121738
066 0 AP880511-0346 1.4290903770943155
066 0 AP880511-0228 1.4276072290341548
066 0 AP880511-0284 1.4266685005277833
066 0 AP880511-0212 1.425914105594851
066 0 AP880511-0328 1.4256895690136282
066 0 AP880511-0039 1.4256317831290328
066 0 AP880511-0202 1.4253715938645282
066 0 AP880511-0188 1.4236926354029844
066 0 AP880511-0264 1.4233442041215134
066 0 AP880511-0332 1.4229979768501824
066 0 AP880511-0329 1.422123194399108
066 0 AP880511-0349 1.4215059116273827
066 0 AP880511-0290 1.419185046786978
066 0 AP880511-0059 1.4179596667182555
066 0 AP880511-0266 1.4134215505950314
066 0 AP880511-0338 1.413411019971234
066 0 AP880511-0067 1.4112911971207376
066 0 AP880511-0226 1.4099742758998526
066 0 AP880511-0340 1.4088439295401958
066 0 AP880511-0169 1.4055470685497937
066 0 AP880511-0197 1.395115354418801
067 0 AP880511-0346 1.4290903770943155
067 0 AP880511-0228 1.4276072290341548
067 0 AP880511-0284 1.4266685005277833
067 0 AP880511-0212 1.425914105594851
067 0 AP880511-0328 1.4256895690136282
067 0 AP880511-0039 1.4256317831290328
067 0 AP880511-0202 1.4253715938645282
067 0 AP880511-0188 1.4236926354029844
067 0 AP880511-0264 1.4233442041215134
067 0 AP880511-0332 1.4229979768501824
067 0 AP880511-0329 1.422123194399108
067 0 AP880511-0349 1.4215059116273827
067 0 AP880511-0290 1.419185046786978
067 0 AP880511-0059 1.4179596667182555
067 0 AP880511-0024 1.4166614572835476
067 0 AP880511-0266 1.4134215505950314
067 0 AP880511-0338 1.413411019971234
067 0 AP880511-0067 1.4112911971207376
067 0 AP880511-0226 1.4099742758998526
067 0 AP880511-0340 1.4088439295401958
067 0 AP880511-0169 1.4055470685497937
067 0 AP880511-0197 1.395115354418801
068 0 AP880511-0169 2.4913513647233048
068 0 AP880511-0228 2.478383053587671
068 0 AP880511-0346 2.4434475453653457
068 0 AP880511-0188 2.437118287897421
068 0 AP880511-0067 2.436485194290806
068 0 AP880511-0290 2.405841936417226
068 0 AP880511-0212 2.3440622248718848
068 0 AP880511-0340 2.3197919678863665
068 0 AP880511-0266 2.3143940911081935
068 0 AP880511-0284 2.310264724354798
068 0 AP880511-0349 2.310082419779381
068 0 AP880511-0059 2.2768583654991943
068 0 AP880511-0202 2.208396102159528
068 0 AP880511-0328 2.1815035785081975
068 0 AP880511-0039 2.1536426674689366
068 0 AP880511-0197 2.1524855151482463
068 0 AP880511-0329 2.0999456471991462
068 0 AP880511-0024 2.0357357062833303
068 0 AP880511-0264 1.9570839671441385
068 0 AP880511-0226 1.9495862420118426
068 0 AP880511-0332 1.4229979768501824
068 0 AP880511-0338 1.413411019971234
069 0 AP880511-0264 10.110798762766276
069 0 AP880511-0284 4.191721568292516
069 0 AP880511-0024 4.186268390745471
069 0 AP880511-0290 4.177159813903406
069 0 AP880511-0202 4.163590242653374
069 0 AP880511-0212 4.160757447072211
069 0 AP880511-0226 4.156553311523079
069 0 AP880511-0346 4.149357782225692
069 0 AP880511-0039 4.13715959870819
069 0 AP880511-0228 4.132376452810315
069 0 AP880511-0340 4.12845324177931
069 0 AP880511-0197 4.1269809224749885
069 0 AP880511-0059 4.124682308003006
069 0 AP880511-0338 4.11770831818659
069 0 AP880511-0329 4.116050323014907
069 0 AP880511-0266 4.111834720472016
069 0 AP880511-0332 4.105146941314902
069 0 AP880511-0349 4.105053611584405
069 0 AP880511-0067 4.103340845503099
069 0 AP880511-0328 4.02232421489359
069 0 AP880511-0188 3.989322437871186
069 0 AP880511-0169 3.810570077407071
070 0 AP880511-0346 1.4290903770943155
070 0 AP880511-0228 1.4276072290341548
070 0 AP880511-0284 1.4266685005277833
070 0 AP880511-0212 1.425914105594851
070 0 AP880511-0328 1.4256895690136282
070 0 AP880511-0039 1.4256317831290328
070 0 AP880511-0202 1.4253715938645282
070 0 AP880511-0188 1.4236926354029844
070 0 AP880511-0264 1.4233442041215134
070 0 AP880511-0332 1.4229979768501824
070 0 AP880511-0329 1.422123194399108
070 0 AP880511-0349 1.4215059116273827
070 0 AP880511-0290 1.419185046786978
070 0 AP880511-0059 1.4179596667182555
070 0 AP880511-0024 1.4166614572835476
070 0 AP880511-0266 1.4134215505950314
070 0 AP880511-0338 1.413411019971234
070 0 AP880511-0067 1.4112911971207376
070 0 AP880511-0226 1.4099742758998526
070 0 AP880511-0340 1.4088439295401958
070 0 AP880511-0169 1.4055470685497937
070 0 AP880511-0197 1.395115354418801
071 0 AP880511-0346 2.858180754188631
071 0 AP880511-0228 2.8552144580683096
071 0 AP880511-0284 2.8533370010555665
071 0 AP880511-0212 2.851828211189702
071 0 AP880511-0328 2.8513791380272564
071 0 AP880511-0039 2.8512635662580657
071 0 AP880511-0202 2.8507431877290563
071 0 AP880511-0188 2.847385270805969
071 0 AP880511-0264 2.846688408243027
071 0 AP880511-0332 2.8459959537003647
071 0 AP880511-0329 2.844246388798216
071 0 AP880511-0349 2.8430118232547654
071 0 AP880511-0290 2.838370093573956
071 0 AP880511-0059 2.835919333436511
071 0 AP880511-0024 2.8333229145670953
071 0 AP880511-0266 2.8268431011900628
071 0 AP880511-0338 2.826822039942468
071 0 AP880511-0067 2.822582394241475
071 0 AP880511-0226 2.819948551799705
071 0 AP880511-0340 2.8176878590803915
071 0 AP880511-0169 2.8110941370995874
071 0 AP880511-0197 2.790230708837602
072 0 AP880511-0226 5.813445547992828
072 0 AP880511-0188 5.798391463021935
072 0 AP880511-0338 5.7933414177625435
072 0 AP880511-0228 5.788297520631328
072 0 AP880511-0349 5.777317233095369
072 0 AP880511-0024 5.747582554527749
072 0 AP880511-0059 5.708406023860127
072 0 AP880511-0332 5.703472283628527
072 0 AP880511-0346 5.686989257633116
072 0 AP880511-0039 5.64919153623657
072 0 AP880511-0329 5.595859560778696
072 0 AP880511-0202 5.581894264933155
072 0 AP880511-0284 5.576185615704954
072 0 AP880511-0212 5.562361417049208
072 0 AP880511-0264 5.50289276520959
072 0 AP880511-0340 5.501891013225389
072 0 AP880511-0328 5.495872773343731
072 0 AP880511-0266 5.475417339687063
072 0 AP880511-0290 5.4297144757112825
072 0 AP880511-0169 5.421769235518593
072 0 AP880511-0197 5.307489376051715
072 0 AP880511-0067 5.302710529518668
073 0 AP880511-0290 3.643703911966348
073 0 AP880511-0188 2.9114603542105097
073 0 AP880511-0024 2.8969176565907597
073 0 AP880511-0059 2.865331809122633
073 0 AP880511-0226 2.700229781355236
073 0 AP880511-0346 1.4290903770943155
073 0 AP880511-0228 1.4276072290341548
073 0 AP880511-0284 1.4266685005277833
073 0 AP880511-0212 1.425914105594851
073 0 AP880511-0328 1.4256895690136282
073 0 AP880511-0039 1.4256317831290328
073 0 AP880511-0202 1.4253715938645282
073 0 AP880511-0264 1.4233442041215134
073 0 AP880511-0332 1.4229979768501824
073 0 AP880511-0329 1.422123194399108
073 0 AP880511-0349 1.4215059116273827
073 0 AP880511-0266 1.4134215505950314
073 0 AP880511-0338 1.413411019971234
073 0 AP880511-0067 1.4112911971207376
073 0 AP880511-0340 1.4088439295401958
073 0 AP880511-0169 1.4055470685497937
073 0 AP880511-0197 1.395115354418801
074 0 AP880511-0346 2.858180754188631
074 0 AP880511-0228 2.8552144580683096
074 0 AP880511-0284 2.8533370010555665
074 0 AP880511-0212 2.851828211189702
074 0 AP880511-0328 2.8513791380272564
074 0 AP880511-0039 2.8512635662580657
074 0 AP880511-0202 2.8507431877290563
074 0 AP880511-0188 2.847385270805969
074 0 AP880511-0264 2.846688408243027
074 0 AP880511-0332 2.8459959537003647
074 0 AP880511-0329 2.844246388798216
074 0 AP880511-0349 2.8430118232547654
074 0 AP880511-0290 2.838370093573956
074 0 AP880511-0059 2.835919333436511
074 0 AP880511-0024 2.8333229145670953
074 0 AP880511-0266 2.8268431011900628
074 0 AP880511-0338 2.826822039942468
074 0 AP880511-0067 2.822582394241475
074 0 AP880511-0226 2.819948551799705
074 0 AP880511-0340 2.8176878590803915
074 0 AP880511-0169 2.8110941370995874
074 0 AP880511-0197 2.790230708837602
075 0 AP880511-0346 1.4290903770943155
075 0 AP880511-0228 1.4276072290341548
075 0 AP880511-0284 1.4266685005277833
075 0 AP880511-0212 1.425914105594851
075 0 AP880511-0328 1.4256895690136282
075 0 AP880511-0039 1.4256317831290328
075 0 AP880511-0202 1.4253715938645282
075 0 AP880511-0188 1.4236926354029844
075 0 AP880511-0264 1.4233442041215134
075 0 AP880511-0332 1.4229979768501824
075 0 AP880511-0329 1.422123194399108
075 0 AP880511-0349 1.4215059116273827
075 0 AP880511-0290 1.419185046786978
075 0 AP880511-0059 1.4179596667182555
075 0 AP880511-0024 1.4166614572835476
075 0 AP880511-0266 1.4134215505950314
075 0 AP880511-0338 1.413411019971234
075 0 AP880511-0067 1.4112911971207376
075 0 AP880511-0226 1.4099742758998526
075 0 AP880511-0340 1.4088439295401958
075 0 AP880511-0169 1.4055470685497937
075 0 AP880511-0197 1.395115354418801
076 0 AP880511-0226 1.7137695791738956
076 0 AP880511-0024 1.6740033863644928
076 0 AP880511-0228 1.6679843118355504
076 0 AP880511-0349 1.6399769087957725
076 0 AP880511-0338 1.6211454136030539
076 0 AP880511-0332 1.6176835975633077
076 0 AP880511-0346 1.6128903896082978
076 0 AP880511-0188 1.6071817518755016
076 0 AP880511-0067 1.5987437419239143
076 0 AP880511-0059 1.5964667227992804
076 0 AP880511-0284 1.4266685005277833
076 0 AP880511-0212 1.425914105594851
076 0 AP880511-0328 1.4256895690136282
076 0 AP880511-0039 1.4256317831290328
076 0 AP880511-0202 1.4253715938645282
076 0 AP880511-0264 1.4233442041215134
076 0 AP880511-0329 1.422123194399108
076 0 AP880511-0290 1.419185046786978
076 0 AP880511-0266 1.4134215505950314
076 0 AP880511-0340 1.4088439295401958
076 0 AP880511-0169 1.4055470685497937
076 0 AP880511-0197 1.395115354418801
077 0 AP880511-0346 1.4290903770943155
077 0 AP880511-0228 1.4276072290341548
077 0 AP880511-0284 1.4266685005277833
077 0 AP880511-0212 1.425914105594851
077 0 AP880511-0328 1.4256895690136282
077 0 AP880511-0039 1.4256317831290328
077 0 AP880511-0202 1.4253715938645282
077 0 AP880511-0188 1.4236926354029844
077 0 AP880511-0264 1.4233442041215134
077 0 AP880511-0332 1.4229979768501824
077 0 AP880511-0329 1.422123194399108
077 0 AP880511-0349 1.4215059116273827
077 0 AP880511-0290 1.419185046786978
077 0 AP880511-0059 1.4179596667182555
077 0 AP880511-0024 1.4166614572835476
077 0 AP880511-0266 1.4134215505950314
077 0 AP880511-0338 1.413411019971234
077 0 AP880511-0067 1.4112911971207376
077 0 AP880511-0226 1.4099742758998526
077 0 AP880511-0340 1.4088439295401958
077 0 AP880511-0169 1.4055470685497937
077 0 AP880511-0197 1.395115354418801
078 0 AP880511-0024 4.204615562121738
078 0 AP880511-0346 1.4290903770943155
078 0 AP880511-0228 1.4276072290341548
078 0 AP880511-0284 1.4266685005277833
078 0 AP880511-0212 1.425914105594851
078 0 AP880511-0328 1.4256895690136282
078 0 AP880511-0039 1.4256317831290328
078 0 AP880511-0202 1.4253715938645282
078 0 AP880511-0188 1.4236926354029844
078 0 AP880511-0264 1.4233442041215134
078 0 AP880511-0332 1.4229979768501824
078 0 AP880511-0329 1.422123194399108
078 0 AP880511-0349 1.4215059116273827
078 0 AP880511-0290 1.419185046786978
078 0 AP880511-0059 1.4179596667182555
078 0 AP880511-0266 1.4134215505950314
078 0 AP880511-0338 1.413411019971234
078 0 AP880511-0067 1.4112911971207376
078 0 AP880511-0226 1.4099742758998526
078 0 AP880511-0340 1.4088439295401958
078 0 AP880511-0169 1.4055470685497937
078 0 AP880511-0197 1.395115354418801
079 0 AP880511-0039 3.60050236613453
079 0 AP880511-0346 1.4290903770943155
079 0 AP880511-0228 1.4276072290341548
079 0 AP880511-0284 1.4266685005277833
079 0 AP880511-0212 1.425914105594851
079 0 AP880511-0328 1.4256895690136282
079 0 AP880511-0202 1.4253715938645282
079 0 AP880511-0188 1.4236926354029844
079 0 AP880511-0264 1.4233442041215134
079 0 AP880511-0332 1.4229979768501824
079 0 AP880511-0329 1.422123194399108
079 0 AP880511-0349 1.4215059116273827
079 0 AP880511-0290 1.419185046786978
079 0 AP880511-0059 1.4179596667182555
079 0 AP880511-0024 1.4166614572835476
079 0 AP880511-0266 1.4134215505950314
079 0 AP880511-0338 1.413411019971234
079 0 AP880511-0067 1.4112911971207376
079 0 AP880511-0226 1.4099742758998526
079 0 AP880511-0340 1.4088439295401958
079 0 AP880511-0169 1.4055470685497937
079 0 AP880511-0197 1.395115354418801
080 0 AP880511-0346 1.4290903770943155
080 0 AP880511-0228 1.4276072290341548
080 0 AP880511-0284 1.4266685005277833
080 0 AP880511-0212 1.425914105594851
080 0 AP880511-0328 1.4256895690136282
080 0 AP880511-0039 1.4256317831290328
080 0 AP880511-0202 1.4253715938645282
080 0 AP880511-0188 1.4236926354029844
080 0 AP880511-0264 1.4233442041215134
080 0 AP880511-0332 1.4229979768501824
080 0 AP880511-0329 1.422123194399108
080 0 AP880511-0349 1.4215059116273827
080 0 AP880511-0290 1.419185046786978
080 0 AP880511-0059 1.4179596667182555
080 0 AP880511-0024 1.4166614572835476
080 0 AP880511-0266 1.4134215505950314
080 0 AP880511-0338 1.413411019971234
080 0 AP880511-0067 1.4112911971207376
080 0 AP880511-0226 1.4099742758998526
080 0 AP880511-0340 1.4088439295401958
080 0 AP880511-0169 1.4055470685497937
080 0 AP880511-0197 1.395115354418801
081 0 AP880511-0328 9.873365515313722
081 0 AP880511-0290 8.663837624733334
081 0 AP880511-0024 6.680384912158998
081 0 AP880511-0266 6.640897148653352
081 0 AP880511-0228 6.624830835902954
081 0 AP880511-0340 6.595296520516271
081 0 AP880511-0202 6.5888667550639575
081 0 AP880511-0284 6.580721286788975
081 0 AP880511-0338 6.572489358258007
081 0 AP880511-0212 6.556122440580318
081 0 AP880511-0329 6.533837115513234
081 0 AP880511-0059 6.5160972090482385
081 0 AP880511-0346 6.513957655222689
081 0 AP880511-0264 6.497946634209055
081 0 AP880511-0349 6.459807986885768
081 0 AP880511-0039 6.4426760437787705
081 0 AP880511-0188 6.375809784136615
081 0 AP880511-0332 6.358821088195701
081 0 AP880511-0169 6.307154493011523
081 0 AP880511-0226 6.21822112603298
081 0 AP880511-0197 6.10795150238487
081 0 AP880511-0067 6.079646521673569
082 0 AP880511-0346 1.4290903770943155
082 0 AP880511-0228 1.4276072290341548
082 0 AP880511-0284 1.4266685005277833
082 0 AP880511-0212 1.425914105594851
082 0 AP880511-0328 1.4256895690136282
082 0 AP880511-0039 1.4256317831290328
082 0 AP880511-0202 1.4253715938645282
082 0 AP880511-0188 1.4236926354029844
082 0 AP880511-0264 1.4233442041215134
082 0 AP880511-0332 1.4229979768501824
082 0 AP880511-0329 1.422123194399108
082 0 AP880511-0349 1.4215059116273827
082 0 AP880511-0290 1.419185046786978
082 0 AP880511-0059 1.4179596667182555
082 0 AP880511-0024 1.4166614572835476
082 0 AP880511-0266 1.4134215505950314
082 0 AP880511-0338 1.413411019971234
082 0 AP880511-0067 1.4112911971207376
082 0 AP880511-0226 1.4099742758998526
082 0 AP880511-0340 1.4088439295401958
082 0 AP880511-0169 1.4055470685497937
082 0 AP880511-0197 1.395115354418801
083 0 AP880511-0024 2.7696069334619224
083 0 AP880511-0284 2.7650530677647325
083 0 AP880511-0290 2.757974767116428
083 0 AP880511-0264 2.751867474089187
083 0 AP880511-0226 2.7465790356232267
083 0 AP880511-0202 2.738218648788845
083 0 AP880511-0212 2.73484334147736
083 0 AP880511-0197 2.731865568056187
083 0 AP880511-0346 2.720267405131377
083 0 AP880511-0340 2.719609312239114
083 0 AP880511-0039 2.7115278155791573
083 0 AP880511-0059 2.7067226412847507
083 0 AP880511-0228 2.704769223776161
083 0 AP880511-0338 2.704297298215356
083 0 AP880511-0266 2.698413169876985
083 0 AP880511-0329 2.693927128615799
083 0 AP880511-0067 2.692049648382361
083 0 AP880511-0349 2.683547699957022
083 0 AP880511-0332 2.6821489644647194
083 0 AP880511-0328 2.5966346458799623
083 0 AP880511-0188 2.5656298024682016
083 0 AP880511-0169 2.4050230088572775
084 0 AP880511-0349 4.3782918826870425
084 0 AP880511-0346 1.8107154201413427
084 0 AP880511-0340 1.4973833546780484
084 0 AP880511-0338 0.0
084 0 AP880511-0332 0.0
084 0 AP880511-0329 0.0
084 0 AP880511-0328 0.0
084 0 AP880511-0290 0.0
084 0 AP880511-0284 0.0
084 0 AP880511-0266 0.0
084 0 AP880511-0264 0.0
084 0 AP880511-0228 0.0
084 0 AP880511-0226 0.0
084 0 AP880511-0212 0.0
084 0 AP880511-0202 0.0
084 0 AP880511-0197 0.0
084 0 AP880511-0188 0.0
084 0 AP880511-0169 0.0
084 0 AP880511-0067 0.0
084 0 AP880511-0059 0.0
084 0 AP880511-0039 0.0
084 0 AP880511-0024 0.0
085 0 AP880511-0346 1.4290903770943155
085 0 AP880511-0228 1.4276072290341548
085 0 AP880511-0284 1.4266685005277833
085 0 AP880511-0212 1.425914105594851
085 0 AP880511-0328 1.4256895690136282
085 0 AP880511-0039 1.4256317831290328
085 0 AP880511-0202 1.4253715938645282
085 0 AP880511-0188 1.4236926354029844
085 0 AP880511-0264 1.4233442041215134
085 0 AP880511-0332 1.4229979768501824
085 0 AP880511-0329 1.422123194399108
085 0 AP880511-0349 1.4215059116273827
085 0 AP880511-0290 1.419185046786978
085 0 AP880511-0059 1.4179596667182555
085 0 AP880511-0024 1.4166614572835476
085 0 AP880511-0266 1.4134215505950314
085 0 AP880511-0338 1.413411019971234
085 0 AP880511-0067 1.4112911971207376
085 0 AP880511-0226 1.4099742758998526
085 0 AP880511-0340 1.4088439295401958
085 0 AP880511-0169 1.4055470685497937
085 0 AP880511-0197 1.395115354418801
086 0 AP880511-0197 2.299846352252991
086 0 AP880511-0328 2.10844036096457
086 0 AP880511-0338 2.0497468157993337
086 0 AP880511-0329 2.0344217369477313
086 0 AP880511-0332 2.0193625326990507
086 0 AP880511-0346 1.9921099387158363
086 0 AP880511-0340 1.874436761275394
086 0 AP880511-0290 1.8653962678609626
086 0 AP880511-0228 1.4276072290341548
086 0 AP880511-0284 1.4266685005277833
086 0 AP880511-0212 1.425914105594851
086 0 AP880511-0039 1.4256317831290328
086 0 AP880511-0202 1.4253715938645282
086 0 AP880511-0188 1.4236926354029844
086 0 AP880511-0264 1.4233442041215134
086 0 AP880511-0349 1.4215059116273827
086 0 AP880511-0059 1.4179596667182555
086 0 AP880511-0024 1.4166614572835476
086 0 AP880511-0266 1.4134215505950314
086 0 AP880511-0067 1.4112911971207376
086 0 AP880511-0226 1.4099742758998526
086 0 AP880511-0169 1.4055470685497937
087 0 AP880511-0328 24.663948115158913
087 0 AP880511-0188 24.059883490188106
087 0 AP880511-0228 21.32818731857278
087 0 AP880511-0039 21.315398563575535
087 0 AP880511-0346 21.289895924036006
087 0 AP880511-0290 21.251663318821688
087 0 AP880511-0284 21.22227984211127
087 0 AP880511-0212 21.212284237225646
087 0 AP880511-0202 21.210445086844555
087 0 AP880511-0059 21.199908278872954
087 0 AP880511-0024 21.199809892369252
087 0 AP880511-0329 21.14478688950461
087 0 AP880511-0264 21.137214033063472
087 0 AP880511-0349 21.133820440287785
087 0 AP880511-0067 21.11617488315454
087 0 AP880511-0266 21.11180565206043
087 0 AP880511-0332 21.106546218144878
087 0 AP880511-0226 21.064159267863122
087 0 AP880511-0340 21.062951297319724
087 0 AP880511-0338 21.037148874090853
087 0 AP880511-0169 20.96911534543235
087 0 AP880511-0197 20.725643457174794
088 0 AP880511-0349 0.0
088 0 AP880511-0346 0.0
088 0 AP880511-0340 0.0
088 0 AP880511-0338 0.0
088 0 AP880511-0332 0.0
088 0 AP880511-0329 0.0
088 0 AP880511-0328 0.0
088 0 AP880511-0290 0.0
088 0 AP880511-0284 0.0
088 0 AP880511-0266 0.0
088 0 AP880511-0264 0.0
088 0 AP880511-0228 0.0
088 0 AP880511-0226 0.0
088 0 AP880511-0212 0.0
088 0 AP880511-0202 0.0
088 0 AP880511-0197 0.0
088 0 AP880511-0188 0.0
088 0 AP880511-0169 0.0
088 0 AP880511-0067 0.0
088 0 AP880511-0059 0.0
088 0 AP880511-0039 0.0
088 0 AP880511-0024 0.0
089 0 AP880511-0226 3.9975730234674307
089 0 AP880511-0228 3.4636477235448773
089 0 AP880511-0024 1.233565802917792
089 0 AP880511-0329 1.195741279264981
089 0 AP880511-0197 1.194028495311576
089 0 AP880511-0059 1.1472603182135905
089 0 AP880511-0212 1.1326969317623377
089 0 AP880511-0346 1.1006892294385835
089 0 AP880511-0188 1.099866469075373
089 0 AP880511-0264 1.0917587892588827
089 0 AP880511-0338 1.0819855000995149
089 0 AP880511-0290 1.0569388343457389
089 0 AP880511-0039 1.0467133192009777
089 0 AP880511-0332 1.0460879265778904
089 0 AP880511-0340 1.0076021426605344
089 0 AP880511-0349 0.8885765081519982
089 0 AP880511-0328 0.7558140094945692
089 0 AP880511-0266 0.6479726603882343
089 0 AP880511-0067 0.6356557989897925
089 0 AP880511-0202 0.5325806257934586
089 0 AP880511-0284 0.4896874333599951
089 0 AP880511-0169 0.0
090 0 AP880511-0024 25.247377492001547
090 0 AP880511-0349 24.396011289721894
090 0 AP880511-0346 24.114968512448378
090 0 AP880511-0340 23.56793679465831
090 0 AP880511-0228 22.443447296920446
090 0 AP880511-0202 22.389503475455555
090 0 AP880511-0284 22.36955565014953
090 0 AP880511-0332 22.291120760387205
090 0 AP880511-0329 22.286027362189845
090 0 AP880511-0290 22.238320208451935
090 0 AP880511-0039 22.191628163647103
090 0 AP880511-0266 22.147584215766265
090 0 AP880511-0264 22.06696536457072
090 0 AP880511-0059 22.058806977653894
090 0 AP880511-0338 21.9912872954879
090 0 AP880511-0188 21.879997712983787
090 0 AP880511-0197 21.847786769970106
090 0 AP880511-0169 21.82718683252847
090 0 AP880511-0067 21.75183068214433
090 0 AP880511-0226 21.60377123397511
090 0 AP880511-0328 21.260196830609303
090 0 AP880511-0212 21.212284237225646
091 0 AP880511-0290 3.6075915289833604
091 0 AP880511-0226 1.6283147085392293
091 0 AP880511-0024 1.6238914194805254
091 0 AP880511-0228 1.5820631948960044
091 0 AP880511-0067 1.5455506682673936
091 0 AP880511-0059 1.526980000898408
091 0 AP880511-0188 1.5095742095108795
091 0 AP880511-0346 1.4664306572295722
091 0 AP880511-0338 1.4571289881253962
091 0 AP880511-0349 1.4512086746728163
091 0 AP880511-0332 1.3792601629554502
091 0 AP880511-0039 1.3565535997690679
091 0 AP880511-0340 1.3391362837569838
091 0 AP880511-0266 1.3239039437299804
091 0 AP880511-0328 1.3005428644185137
091 0 AP880511-0169 1.29145638573524
091 0 AP880511-0202 1.2552427727411588
091 0 AP880511-0212 1.2494867588977268
091 0 AP880511-0284 1.2489208347223064
091 0 AP880511-0329 1.235062167917095
091 0 AP880511-0264 1.21039517536229
091 0 AP880511-0197 1.194028495311576
092 0 AP880511-0226 1.920409900052579
092 0 AP880511-0340 1.8343042601950077
092 0 AP880511-0349 0.0
092 0 AP880511-0346 0.0
092 0 AP880511-0338 0.0
092 0 AP880511-0332 0.0
092 0 AP880511-0329 0.0
092 0 AP880511-0328 0.0
092 0 AP880511-0290 0.0
092 0 AP880511-0284 0.0
092 0 AP880511-0266 0.0
092 0 AP880511-0264 0.0
092 0 AP880511-0228 0.0
092 0 AP880511-0212 0.0
092 0 AP880511-0202 0.0
092 0 AP880511-0197 0.0
092 0 AP880511-0188 0.0
092 0 AP880511-0169 0.0
092 0 AP880511-0067 0.0
092 0 AP880511-0059 0.0
092 0 AP880511-0039 0.0
092 0 AP880511-0024 0.0
093 0 AP880511-0188 22.82590357446678
093 0 AP880511-0024 22.710820817362492
093 0 AP880511-0059 22.685985762778266
093 0 AP880511-0226 22.44329781670242
093 0 AP880511-0346 21.390499958412885
093 0 AP880511-0228 21.377561553080504
093 0 AP880511-0284 21.37498752835762
093 0 AP880511-0039 21.370809837766096
093 0 AP880511-0328 21.363228273741534
093 0 AP880511-0212 21.355926644995996
093 0 AP880511-0202 21.34802634903582
093 0 AP880511-0264 21.347770784219094
093 0 AP880511-0329 21.315646024517935
093 0 AP880511-0332 21.304879155651143
093 0 AP880511-0290 21.276553534284606
093 0 AP880511-0349 21.261453458815648
093 0 AP880511-0338 21.1923845729499
093 0 AP880511-0266 21.162410934477453
093 0 AP880511-0067 21.16175557025559
093 0 AP880511-0340 21.12900165095252
093 0 AP880511-0169 20.99687767238088
093 0 AP880511-0197 20.92673031628202
094 0 AP880511-0349 0.0
094 0 AP880511-0346 0.0
094 0 AP880511-0340 0.0
094 0 AP880511-0338 0.0
094 0 AP880511-0332 0.0
094 0 AP880511-0329 0.0
094 0 AP880511-0328 0.0
094 0 AP880511-0290 0.0
094 0 AP880511-0284 0.0
094 0 AP880511-0266 0.0
094 0 AP880511-0264 0.0
094 0 AP880511-0228 0.0
094 0 AP880511-0226 0.0
094 0 AP880511-0212 0.0
094 0 AP880511-0202 0.0
094 0 AP880511-0197 0.0
094 0 AP880511-0188 0.0
094 0 AP880511-0169 0.0
094 0 AP880511-0067 0.0
094 0 AP880511-0059 0.0
094 0 AP880511-0039 0.0
094 0 AP880511-0024 0.0
095 0 AP880511-0349 0.0
095 0 AP880511-0346 0.0
095 0 AP880511-0340 0.0
095 0 AP880511-0338 0.0
095 0 AP880511-0332 0.0
095 0 AP880511-0329 0.0
095 0 AP880511-0328 0.0
095 0 AP880511-0290 0.0
095 0 AP880511-0284 0.0
095 0 AP880511-0266 0.0
095 0 AP880511-0264 0.0
095 0 AP880511-0228 0.0
095 0 AP880511-0226 0.0
095 0 AP880511-0212 0.0
095 0 AP880511-0202 0.0
095 0 AP880511-0197 0.0
095 0 AP880511-0188 0.0
095 0 AP880511-0169 0.0
095 0 AP880511-0067 0.0
095 0 AP880511-0059 0.0
095 0 AP880511-0039 0.0
095 0 AP880511-0024 0.0
096 0 AP880511-0349 0.0
096 0 AP880511-0346 0.0
096 0 AP880511-0340 0.0
096 0 AP880511-0338 0.0
096 0 AP880511-0332 0.0
096 0 AP880511-0329 0.0
096 0 AP880511-0328 0.0
096 0 AP880511-0290 0.0
096 0 AP880511-0284 0.0
096 0 AP880511-0266 0.0
096 0 AP880511-0264 0.0
096 0 AP880511-0228 0.0
096 0 AP880511-0226 0.0
096 0 AP880511-0212 0.0
096 0 AP880511-0202 0.0
096 0 AP880511-0197 0.0
096 0 AP880511-0188 0.0
096 0 AP880511-0169 0.0
096 0 AP880511-0067 0.0
096 0 AP880511-0059 0.0
096 0 AP880511-0039 0.0
096 0 AP880511-0024 0.0
097 0 AP880511-0349 0.0
097 0 AP880511-0346 0.0
097 0 AP880511-0340 0.0
097 0 AP880511-0338 0.0
097 0 AP880511-0332 0.0
097 0 AP880511-0329 0.0
097 0 AP880511-0328 0.0
097 0 AP880511-0290 0.0
097 0 AP880511-0284 0.0
097 0 AP880511-0266 0.0
097 0 AP880511-0264 0.0
097 0 AP880511-0228 0.0
097 0 AP880511-0226 0.0
097 0 AP880511-0212 0.0
097 0 AP880511-0202 0.0
097 0 AP880511-0197 0.0
097 0 AP880511-0188 0.0
097 0 AP880511-0169 0.0
097 0 AP880511-0067 0.0
097 0 AP880511-0059 0.0
097 0 AP880511-0039 0.0
097 0 AP880511-0024 0.0
098 0 AP880511-0349 0.0
098 0 AP880511-0346 0.0
098 0 AP880511-0340 0.0
098 0 AP880511-0338 0.0
098 0 AP880511-0332 0.0
098 0 AP880511-0329 0.0
098 0 AP880511-0328 0.0
098 0 AP880511-0290 0.0
098 0 AP880511-0284 0.0
098 0 AP880511-0266 0.0
098 0 AP880511-0264 0.0
098 0 AP880511-0228 0.0
098 0 AP880511-0226 0.0
098 0 AP880511-0212 0.0
098 0 AP880511-0202 0.0
098 0 AP880511-0197 0.0
098 0 AP880511-0188 0.0
098 0 AP880511-0169 0.0
098 0 AP880511-0067 0.0
098 0 AP880511-0059 0.0
098 0 AP880511-0039 0.0
098 0 AP880511-0024 0.0
099 0 AP880511-0346 1.4290903770943155
099 0 AP880511-0228 1.4276072290341548
099 0 AP880511-0284 1.4266685005277833
099 0 AP880511-0212 1.425914105594851
099 0 AP880511-0328 1.4256895690136282
099 0 AP880511-0039 1.4256317831290328
099 0 AP880511-0202 1.4253715938645282
099 0 AP880511-0188 1.4236926354029844
099 0 AP880511-0264 1.4233442041215134
099 0 AP880511-0332 1.4229979768501824
099 0 AP880511-0329 1.422123194399108
099 0 AP880511-0349 1.4215059116273827
099 0 AP880511-0290 1.419185046786978
099 0 AP880511-0059 1.4179596667182555
099 0 AP880511-0024 1.4166614572835476
099 0 AP880511-0266 1.4134215505950314
099 0 AP880511-0338 1.413411019971234
099 0 AP880511-0067 1.4112911971207376
099 0 AP880511-0226 1.4099742758998526
099 0 AP880511-0340 1.4088439295401958
099 0 AP880511-0169 1.4055470685497937
099 0 AP880511-0197 1.395115354418801
100 0 AP880511-0202 4.543453067765696
100 0 AP880511-0284 4.393284235592984
100 0 AP880511-0290 2.7910355430708984
100 0 AP880511-0039 2.768518473728698
100 0 AP880511-0024 2.76385370648519
100 0 AP880511-0067 2.761776934029484
100 0 AP880511-0340 2.744322921146762
100 0 AP880511-0226 2.737921853914286
100 0 AP880511-0059 2.735651231135704
100 0 AP880511-0228 2.7327464586969406
100 0 AP880511-0188 2.7325240530558275
100 0 AP880511-0328 2.7041171719692594
100 0 AP880511-0266 2.698413169876985
100 0 AP880511-0346 2.66586532380806
100 0 AP880511-0338 2.6540248878462016
100 0 AP880511-0212 2.6426159255658073
100 0 AP880511-0329 2.6409834708475186
100 0 AP880511-0264 2.6313471018802015
100 0 AP880511-0169 2.610675098419006
100 0 AP880511-0349 2.593108373536718
100 0 AP880511-0197 2.589143849730377
100 0 AP880511-0332 2.567482021990916
051 0 AP880511-0346 2.858180754188631
051 0 AP880511-0228 2.8552144580683096
051 0 AP880511-0284 2.8533370010555665
051 0 AP880511-0212 2.851828211189702
051 0 AP880511-0328 2.8513791380272564
051 0 AP880511-0039 2.8512635662580657
051 0 AP880511-0202 2.8507431877290563
051 0 AP880511-0188 2.847385270805969
051 0 AP880511-0264 2.846688408243027
051 0 AP880511-0332 2.8459959537003647
051 0 AP880511-0329 2.844246388798216
051 0 AP880511-0349 2.8430118232547654
051 0 AP880511-0290 2.838370093573956
051 0 AP880511-0059 2.835919333436511
051 0 AP880511-0024 2.8333229145670953
051 0 AP880511-0266 2.8268431011900628
051 0 AP880511-0338 2.826822039942468
051 0 AP880511-0067 2.822582394241475
051 0 AP880511-0226 2.819948551799705
051 0 AP880511-0340 2.8176878590803915
051 0 AP880511-0169 2.8110941370995874
051 0 AP880511-0197 2.790230708837602
052 0 AP880511-0226 11.091454931094418
052 0 AP880511-0346 1.4290903770943155
052 0 AP880511-0228 1.4276072290341548
052 0 AP880511-0284 1.4266685005277833
052 0 AP880511-0212 1.425914105594851
052 0 AP880511-0328 1.4256895690136282
052 0 AP880511-0039 1.4256317831290328
052 0 AP880511-0202 1.4253715938645282
052 0 AP880511-0188 1.4236926354029844
052 0 AP880511-0264 1.4233442041215134
052 0 AP880511-0332 1.4229979768501824
052 0 AP880511-0329 1.422123194399108
052 0 AP880511-0349 1.4215059116273827
052 0 AP880511-0290 1.419185046786978
052 0 AP880511-0059 1.4179596667182555
052 0 AP880511-0024 1.4166614572835476
052 0 AP880511-0266 1.4134215505950314
052 0 AP880511-0338 1.413411019971234
052 0 AP880511-0067 1.4112911971207376
052 0 AP880511-0340 1.4088439295401958
052 0 AP880511-0169 1.4055470685497937
052 0 AP880511-0197 1.395115354418801
053 0 AP880511-0067 62.85486259254468
053 0 AP880511-0329 58.547979079212226
053 0 AP880511-0059 57.1256948404459
053 0 AP880511-0228 54.694128782756565
053 0 AP880511-0188 54.37277915304194
053 0 AP880511-0226 53.61793773925996
053 0 AP880511-0212 53.22154045879881
053 0 AP880511-0284 52.683189831638344
053 0 AP880511-0349 52.65275685834569
053 0 AP880511-0024 52.18873232508082
053 0 AP880511-0290 51.74101572709837
053 0 AP880511-0340 51.71105933030272
053 0 AP880511-0202 51.66154266577393
053 0 AP880511-0346 49.92131461862493
053 0 AP880511-0264 49.518330922545275
053 0 AP880511-0197 49.48097920440272
053 0 AP880511-0332 49.032568799709566
053 0 AP880511-0039 47.91451748284148
053 0 AP880511-0328 45.895045927258245
053 0 AP880511-0338 44.17616914523142
053 0 AP880511-0266 43.14121239330258
053 0 AP880511-0169 39.63202194700606
054 0 AP880511-0346 1.4290903770943155
054 0 AP880511-0228 1.4276072290341548
054 0 AP880511-0284 1.4266685005277833
054 0 AP880511-0212 1.425914105594851
054 0 AP880511-0328 1.4256895690136282
054 0 AP880511-0039 1.4256317831290328
054 0 AP880511-0202 1.4253715938645282
054 0 AP880511-0188 1.4236926354029844
054 0 AP880511-0264 1.4233442041215134
054 0 AP880511-0332 1.4229979768501824
054 0 AP880511-0329 1.422123194399108
054 0 AP880511-0349 1.4215059116273827
054 0 AP880511-0290 1.419185046786978
054 0 AP880511-0059 1.4179596667182555
054 0 AP880511-0024 1.4166614572835476
054 0 AP880511-0266 1.4134215505950314
054 0 AP880511-0338 1.413411019971234
054 0 AP880511-0067 1.4112911971207376
054 0 AP880511-0226 1.4099742758998526
054 0 AP880511-0340 1.4088439295401958
054 0 AP880511-0169 1.4055470685497937
054 0 AP880511-0197 1.395115354418801
055 0 AP880511-0346 1.4290903770943155
055 0 AP880511-0228 1.4276072290341548
055 0 AP880511-0284 1.4266685005277833
055 0 AP880511-0212 1.425914105594851
055 0 AP880511-0328 1.4256895690136282
055 0 AP880511-0039 1.4256317831290328
055 0 AP880511-0202 1.4253715938645282
055 0 AP880511-0188 1.4236926354029844
055 0 AP880511-0264 1.4233442041215134
055 0 AP880511-0332 1.4229979768501824
055 0 AP880511-0329 1.422123194399108
055 0 AP880511-0349 1.4215059116273827
055 0 AP880511-0290 1.419185046786978
055 0 AP880511-0059 1.4179596667182555
055 0 AP880511-0024 1.4166614572835476
055 0 AP880511-0266 1.4134215505950314
055 0 AP880511-0338 1.413411019971234
055 0 AP880511-0067 1.4112911971207376
055 0 AP880511-0226 1.4099742758998526
055 0 AP880511-0340 1.4088439295401958
055 0 AP880511-0169 1.4055470685497937
055 0 AP880511-0197 1.395115354418801
056 0 AP880511-0228 3.9617986307506268
056 0 AP880511-0346 1.4290903770943155
056 0 AP880511-0284 1.4266685005277833
056 0 AP880511-0212 1.425914105594851
056 0 AP880511-0328 1.4256895690136282
056 0 AP880511-0039 1.4256317831290328
056 0 AP880511-0202 1.4253715938645282
056 0 AP880511-0188 1.4236926354029844
056 0 AP880511-0264 1.4233442041215134
056 0 AP880511-0332 1.4229979768501824
056 0 AP880511-0329 1.422123194399108
056 0 AP880511-0349 1.4215059116273827
056 0 AP880511-0290 1.419185046786978
056 0 AP880511-0059 1.4179596667182555
056 0 AP880511-0024 1.4166614572835476
056 0 AP880511-0266 1.4134215505950314
056 0 AP880511-0338 1.413411019971234
056 0 AP880511-0067 1.4112911971207376
056 0 AP880511-0226 1.4099742758998526
056 0 AP880511-0340 1.4088439295401958
056 0 AP880511-0169 1.4055470685497937
056 0 AP880511-0197 1.395115354418801
057 0 AP880511-0346 1.4290903770943155
057 0 AP880511-0228 1.4276072290341548
057 0 AP880511-0284 1.4266685005277833
057 0 AP880511-0212 1.425914105594851
057 0 AP880511-0328 1.4256895690136282
057 0 AP880511-0039 1.4256317831290328
057 0 AP880511-0202 1.4253715938645282
057 0 AP880511-0188 1.4236926354029844
057 0 AP880511-0264 1.4233442041215134
057 0 AP880511-0332 1.4229979768501824
057 0 AP880511-0329 1.422123194399108
057 0 AP880511-0349 1.4215059116273827
057 0 AP880511-0290 1.419185046786978
057 0 AP880511-0059 1.4179596667182555
057 0 AP880511-0024 1.4166614572835476
057 0 AP880511-0266 1.4134215505950314
057 0 AP880511-0338 1.413411019971234
057 0 AP880511-0067 1.4112911971207376
057 0 AP880511-0226 1.4099742758998526
057 0 AP880511-0340 1.4088439295401958
057 0 AP880511-0169 1.4055470685497937
057 0 AP880511-0197 1.395115354418801
058 0 AP880511-0346 1.4290903770943155
058 0 AP880511-0228 1.4276072290341548
058 0 AP880511-0284 1.4266685005277833
058 0 AP880511-0212 1.425914105594851
058 0 AP880511-0328 1.4256895690136282
058 0 AP880511-0039 1.4256317831290328
058 0 AP880511-0202 1.4253715938645282
058 0 AP880511-0188 1.4236926354029844
058 0 AP880511-0264 1.4233442041215134
058 0 AP880511-0332 1.4229979768501824
058 0 AP880511-0329 1.422123194399108
058 0 AP880511-0349 1.4215059116273827
058 0 AP880511-0290 1.419185046786978
058 0 AP880511-0059 1.4179596667182555
058 0 AP880511-0024 1.4166614572835476
058 0 AP880511-0266 1.4134215505950314
058 0 AP880511-0338 1.413411019971234
058 0 AP880511-0067 1.4112911971207376
058 0 AP880511-0226 1.4099742758998526
058 0 AP880511-0340 1.4088439295401958
058 0 AP880511-0169 1.4055470685497937
058 0 AP880511-0197 1.395115354418801
059 0 AP880511-0346 1.4290903770943155
059 0 AP880511-0228 1.4276072290341548
059 0 AP880511-0284 1.4266685005277833
059 0 AP880511-0212 1.425914105594851
059 0 AP880511-0328 1.4256895690136282
059 0 AP880511-0039 1.4256317831290328
059 0 AP880511-0202 1.4253715938645282
059 0 AP880511-0188 1.4236926354029844
059 0 AP880511-0264 1.4233442041215134
059 0 AP880511-0332 1.4229979768501824
059 0 AP880511-0329 1.422123194399108
059 0 AP880511-0349 1.4215059116273827
059 0 AP880511-0290 1.419185046786978
059 0 AP880511-0059 1.4179596667182555
059 0 AP880511-0024 1.4166614572835476
059 0 AP880511-0266 1.4134215505950314
059 0 AP880511-0338 1.413411019971234
059 0 AP880511-0067 1.4112911971207376
059 0 AP880511-0226 1.4099742758998526
059 0 AP880511-0340 1.4088439295401958
059 0 AP880511-0169 1.4055470685497937
059 0 AP880511-0197 1.395115354418801
060 0 AP880511-0346 1.4290903770943155
060 0 AP880511-0228 1.4276072290341548
060 0 AP880511-0284 1.4266685005277833
060 0 AP880511-0212 1.425914105594851
060 0 AP880511-0328 1.4256895690136282
060 0 AP880511-0039 1.4256317831290328
060 0 AP880511-0202 1.4253715938645282
060 0 AP880511-0188 1.4236926354029844
060 0 AP880511-0264 1.4233442041215134
060 0 AP880511-0332 1.4229979768501824
060 0 AP880511-0329 1.422123194399108
060 0 AP880511-0349 1.4215059116273827
060 0 AP880511-0290 1.419185046786978
060 0 AP880511-0059 1.4179596667182555
060 0 AP880511-0024 1.4166614572835476
060 0 AP880511-0266 1.4134215505950314
060 0 AP880511-0338 1.413411019971234
060 0 AP880511-0067 1.4112911971207376
060 0 AP880511-0226 1.4099742758998526
060 0 AP880511-0340 1.4088439295401958
060 0 AP880511-0169 1.4055470685497937
060 0 AP880511-0197 1.395115354418801
061 0 AP880511-0039 7.241985953870322
061 0 AP880511-0290 4.360512737772968
061 0 AP880511-0188 2.7847707511289688
061 0 AP880511-0349 2.776969628267305
061 0 AP880511-0329 2.7678150634491647
061 0 AP880511-0338 2.767565710806865
061 0 AP880511-0202 2.763698636136201
061 0 AP880511-0284 2.7478885942085145
061 0 AP880511-0212 2.7433181447862767
061 0 AP880511-0228 2.729252862193447
061 0 AP880511-0059 2.7247610147425263
061 0 AP880511-0332 2.7028812063166288
061 0 AP880511-0169 2.6970034542850336
061 0 AP880511-0346 2.6908641889323484
061 0 AP880511-0340 2.6878604462954145
061 0 AP880511-0266 2.6874865629450264
061 0 AP880511-0226 2.6862735201698325
061 0 AP880511-0024 2.6762749520776463
061 0 AP880511-0328 2.666608896779357
061 0 AP880511-0264 2.6585966345701646
061 0 AP880511-0197 2.5172586672141133
061 0 AP880511-0067 2.3002879770294866
062 0 AP880511-0346 1.4290903770943155
062 0 AP880511-0228 1.4276072290341548
062 0 AP880511-0284 1.4266685005277833
062 0 AP880511-0212 1.425914105594851
062 0 AP880511-0328 1.4256895690136282
062 0 AP880511-0039 1.4256317831290328
062 0 AP880511-0202 1.4253715938645282
062 0 AP880511-0188 1.4236926354029844
062 0 AP880511-0264 1.4233442041215134
062 0 AP880511-0332 1.4229979768501824
062 0 AP880511-0329 1.422123194399108
062 0 AP880511-0349 1.4215059116273827
062 0 AP880511-0290 1.419185046786978
062 0 AP880511-0059 1.4179596667182555
062 0 AP880511-0024 1.4166614572835476
062 0 AP880511-0266 1.4134215505950314
062 0 AP880511-0338 1.413411019971234
062 0 AP880511-0067 1.4112911971207376
062 0 AP880511-0226 1.4099742758998526
062 0 AP880511-0340 1.4088439295401958
062 0 AP880511-0169 1.4055470685497937
062 0 AP880511-0197 1.395115354418801
063 0 AP880511-0346 1.4290903770943155
063 0 AP880511-0228 1.4276072290341548
063 0 AP880511-0284 1.4266685005277833
063 0 AP880511-0212 1.425914105594851
063 0 AP880511-0328 1.4256895690136282
063 0 AP880511-0039 1.4256317831290328
063 0 AP880511-0202 1.4253715938645282
063 0 AP880511-0188 1.4236926354029844
063 0 AP880511-0264 1.4233442041215134
063 0 AP880511-0332 1.4229979768501824
063 0 AP880511-0329 1.422123194399108
063 0 AP880511-0349 1.4215059116273827
063 0 AP880511-0290 1.419185046786978
063 0 AP880511-0059 1.4179596667182555
063 0 AP880511-0024 1.4166614572835476
063 0 AP880511-0266 1.4134215505950314
063 0 AP880511-0338 1.413411019971234
063 0 AP880511-0067 1.4112911971207376
063 0 AP880511-0226 1.4099742758998526
063 0 AP880511-0340 1.4088439295401958
063 0 AP880511-0169 1.4055470685497937
063 0 AP880511-0197 1.395115354418801
064 0 AP880511-0346 1.4290903770943155
064 0 AP880511-0228 1.4276072290341548
064 0 AP880511-0284 1.4266685005277833
064 0 AP880511-0212 1.425914105594851
064 0 AP880511-0328 1.4256895690136282
064 0 AP880511-0039 1.4256317831290328
064 0 AP880511-0202 1.4253715938645282
064 0 AP880511-0188 1.4236926354029844
064 0 AP880511-0264 1.4233442041215134
064 0 AP880511-0332 1.4229979768501824
064 0 AP880511-0329 1.422123194399108
064 0 AP880511-0349 1.4215059116273827
064 0 AP880511-0290 1.419185046786978
064 0 AP880511-0059 1.4179596667182555
064 0 AP880511-0024 1.4166614572835476
064 0 AP880511-0266 1.4134215505950314
064 0 AP880511-0338 1.413411019971234
064 0 AP880511-0067 1.4112911971207376
064 0 AP880511-0226 1.4099742758998526
064 0 AP880511-0340 1.4088439295401958
064 0 AP880511-0169 1.4055470685497937
064 0 AP880511-0197 1.395115354418801
065 0 AP880511-0346 1.4290903770943155
065 0 AP880511-0228 1.4276072290341548
065 0 AP880511-0284 1.4266685005277833
065 0 AP880511-0212 1.425914105594851
065 0 AP880511-0328 1.4256895690136282
065 0 AP880511-0039 1.4256317831290328
065 0 AP880511-0202 1.4253715938645282
065 0 AP880511-0188 1.4236926354029844
065 0 AP880511-0264 1.4233442041215134
065 0 AP880511-0332 1.4229979768501824
065 0 AP880511-0329 1.422123194399108
065 0 AP880511-0349 1.4215059116273827
065 0 AP880511-0290 1.419185046786978
065 0 AP880511-0059 1.4179596667182555
065 0 AP880511-0024 1.4166614572835476
065 0 AP880511-0266 1.4134215505950314
065 0 AP880511-0338 1.413411019971234
065 0 AP880511-0067 1.4112911971207376
065 0 AP880511-0226 1.4099742758998526
065 0 AP880511-0340 1.4088439295401958
065 0 AP880511-0169 1.4055470685497937
065 0 AP880511-0197 1.395115354418801
066 0 AP880511-0024 4.204615562121738
066 0 AP880511-0346 1.4290903770943155
066 0 AP880511-0228 1.4276072290341548
066 0 AP880511-0284 1.4266685005277833
066 0 AP880511-0212 1.425914105594851
066 0 AP880511-0328 1.4256895690136282
066 0 AP880511-0039 1.4256317831290328
066 0 AP880511-0202 1.4253715938645282
066 0 AP880511-0188 1.4236926354029844
066 0 AP880511-0264 1.4233442041215134
066 0 AP880511-0332 1.4229979768501824
066 0 AP880511-0329 1.422123194399108
066 0 AP880511-0349 1.4215059116273827
066 0 AP880511-0290 1.419185046786978
066 0 AP880511-0059 1.4179596667182555
066 0 AP880511-0266 1.4134215505950314
066 0 AP880511-0338 1.413411019971234
066 0 AP880511-0067 1.4112911971207376
066 0 AP880511-0226 1.4099742758998526
066 0 AP880511-0340 1.4088439295401958
066 0 AP880511-0169 1.4055470685497937
066 0 AP880511-0197 1.395115354418801
067 0 AP880511-0346 1.4290903770943155
067 0 AP880511-0228 1.4276072290341548
067 0 AP880511-0284 1.4266685005277833
067 0 AP880511-0212 1.425914105594851
067 0 AP880511-0328 1.4256895690136282
067 0 AP880511-0039 1.4256317831290328
067 0 AP880511-0202 1.4253715938645282
067 0 AP880511-0188 1.4236926354029844
067 0 AP880511-0264 1.4233442041215134
067 0 AP880511-0332 1.4229979768501824
067 0 AP880511-0329 1.422123194399108
067 0 AP880511-0349 1.4215059116273827
067 0 AP880511-0290 1.419185046786978
067 0 AP880511-0059 1.4179596667182555
067 0 AP880511-0024 1.4166614572835476
067 0 AP880511-0266 1.4134215505950314
067 0 AP880511-0338 1.413411019971234
067 0 AP880511-0067 1.4112911971207376
067 0 AP880511-0226 1.4099742758998526
067 0 AP880511-0340 1.4088439295401958
067 0 AP880511-0169 1.4055470685497937
067 0 AP880511-0197 1.395115354418801
068 0 AP880511-0169 2.4913513647233048
068 0 AP880511-0228 2.478383053587671
068 0 AP880511-0346 2.4434475453653457
068 0 AP880511-0188 2.437118287897421
068 0 AP880511-0067 2.436485194290806
068 0 AP880511-0290 2.405841936417226
068 0 AP880511-0212 2.3440622248718848
068 0 AP880511-0340 2.3197919678863665
068 0 AP880511-0266 2.3143940911081935
068 0 AP880511-0284 2.310264724354798
068 0 AP880511-0349 2.310082419779381
068 0 AP880511-0059 2.2768583654991943
068 0 AP880511-0202 2.208396102159528
068 0 AP880511-0328 2.1815035785081975
068 0 AP880511-0039 2.1536426674689366
068 0 AP880511-0197 2.1524855151482463
068 0 AP880511-0329 2.0999456471991462
068 0 AP880511-0024 2.0357357062833303
068 0 AP880511-0264 1.9570839671441385
068 0 AP880511-0226 1.9495862420118426
068 0 AP880511-0332 1.4229979768501824
068 0 AP880511-0338 1.413411019971234
069 0 AP880511-0264 10.110798762766276
069 0 AP880511-0284 4.191721568292516
069 0 AP880511-0024 4.186268390745471
069 0 AP880511-0290 4.177159813903406
069 0 AP880511-0202 4.163590242653374
069 0 AP880511-0212 4.160757447072211
069 0 AP880511-0226 4.156553311523079
069 0 AP880511-0346 4.149357782225692
069 0 AP880511-0039 4.13715959870819
069 0 AP880511-0228 4.132376452810315
069 0 AP880511-0340 4.12845324177931
069 0 AP880511-0197 4.1269809224749885
069 0 AP880511-0059 4.124682308003006
069 0 AP880511-0338 4.11770831818659
069 0 AP880511-0329 4.116050323014907
069 0 AP880511-0266 4.111834720472016
069 0 AP880511-0332 4.105146941314902
069 0 AP880511-0349 4.105053611584405
069 0 AP880511-0067 4.103340845503099
069 0 AP880511-0328 4.02232421489359
069 0 AP880511-0188 3.989322437871186
069 0 AP880511-0169 3.810570077407071
070 0 AP880511-0346 1.4290903770943155
070 0 AP880511-0228 1.4276072290341548
070 0 AP880511-0284 1.4266685005277833
070 0 AP880511-0212 1.425914105594851
070 0 AP880511-0328 1.4256895690136282
070 0 AP880511-0039 1.4256317831290328
070 0 AP880511-0202 1.4253715938645282
070 0 AP880511-0188 1.4236926354029844
070 0 AP880511-0264 1.4233442041215134
070 0 AP880511-0332 1.4229979768501824
070 0 AP880511-0329 1.422123194399108
070 0 AP880511-0349 1.4215059116273827
070 0 AP880511-0290 1.419185046786978
070 0 AP880511-0059 1.4179596667182555
070 0 AP880511-0024 1.4166614572835476
070 0 AP880511-0266 1.4134215505950314
070 0 AP880511-0338 1.413411019971234
070 0 AP880511-0067 1.4112911971207376
070 0 AP880511-0226 1.4099742758998526
070 0 AP880511-0340 1.4088439295401958
070 0 AP880511-0169 1.4055470685497937
070 0 AP880511-0197 1.395115354418801
071 0 AP880511-0346 2.858180754188631
071 0 AP880511-0228 2.8552144580683096
071 0 AP880511-0284 2.8533370010555665
071 0 AP880511-0212 2.851828211189702
071 0 AP880511-0328 2.8513791380272564
071 0 AP880511-0039 2.8512635662580657
071 0 AP880511-0202 2.8507431877290563
071 0 AP880511-0188 2.847385270805969
071 0 AP880511-0264 2.846688408243027
071 0 AP880511-0332 2.8459959537003647
071 0 AP880511-0329 2.844246388798216
071 0 AP880511-0349 2.8430118232547654
071 0 AP880511-0290 2.838370093573956
071 0 AP880511-0059 2.835919333436511
071 0 AP880511-0024 2.8333229145670953
071 0 AP880511-0266 2.8268431011900628
071 0 AP880511-0338 2.826822039942468
071 0 AP880511-0067 2.822582394241475
071 0 AP880511-0226 2.819948551799705
071 0 AP880511-0340 2.8176878590803915
071 0 AP880511-0169 2.8110941370995874
071 0 AP880511-0197 2.790230708837602
072 0 AP880511-0226 5.813445547992828
072 0 AP880511-0188 5.798391463021935
072 0 AP880511-0338 5.7933414177625435
072 0 AP880511-0228 5.788297520631328
072 0 AP880511-0349 5.777317233095369
072 0 AP880511-0024 5.747582554527749
072 0 AP880511-0059 5.708406023860127
072 0 AP880511-0332 5.703472283628527
072 0 AP880511-0346 5.686989257633116
072 0 AP880511-0039 5.64919153623657
072 0 AP880511-0329 5.595859560778696
072 0 AP880511-0202 5.581894264933155
072 0 AP880511-0284 5.576185615704954
072 0 AP880511-0212 5.562361417049208
072 0 AP880511-0264 5.50289276520959
072 0 AP880511-0340 5.501891013225389
072 0 AP880511-0328 5.495872773343731
072 0 AP880511-0266 5.475417339687063
072 0 AP880511-0290 5.4297144757112825
072 0 AP880511-0169 5.421769235518593
072 0 AP880511-0197 5.307489376051715
072 0 AP880511-0067 5.302710529518668
073 0 AP880511-0290 3.643703911966348
073 0 AP880511-0188 2.9114603542105097
073 0 AP880511-0024 2.8969176565907597
073 0 AP880511-0059 2.865331809122633
073 0 AP880511-0226 2.700229781355236
073 0 AP880511-0346 1.4290903770943155
073 0 AP880511-0228 1.4276072290341548
073 0 AP880511-0284 1.4266685005277833
073 0 AP880511-0212 1.425914105594851
073 0 AP880511-0328 1.4256895690136282
073 0 AP880511-0039 1.4256317831290328
073 0 AP880511-0202 1.4253715938645282
073 0 AP880511-0264 1.4233442041215134
073 0 AP880511-0332 1.4229979768501824
073 0 AP880511-0329 1.422123194399108
073 0 AP880511-0349 1.4215059116273827
073 0 AP880511-0266 1.4134215505950314
073 0 AP880511-0338 1.413411019971234
073 0 AP880511-0067 1.4112911971207376
073 0 AP880511-0340 1.4088439295401958
073 0 AP880511-0169 1.4055470685497937
073 0 AP880511-0197 1.395115354418801
074 0 AP880511-0346 2.858180754188631
074 0 AP880511-0228 2.8552144580683096
074 0 AP880511-0284 2.8533370010555665
074 0 AP880511-0212 2.851828211189702
074 0 AP880511-0328 2.8513791380272564
074 0 AP880511-0039 2.8512635662580657
074 0 AP880511-0202 2.8507431877290563
074 0 AP880511-0188 2.847385270805969
074 0 AP880511-0264 2.846688408243027
074 0 AP880511-0332 2.8459959537003647
074 0 AP880511-0329 2.844246388798216
074 0 AP880511-0349 2.8430118232547654
074 0 AP880511-0290 2.838370093573956
074 0 AP880511-0059 2.835919333436511
074 0 AP880511-0024 2.8333229145670953
074 0 AP880511-0266 2.8268431011900628
074 0 AP880511-0338 2.826822039942468
074 0 AP880511-0067 2.822582394241475
074 0 AP880511-0226 2.819948551799705
074 0 AP880511-0340 2.8176878590803915
074 0 AP880511-0169 2.8110941370995874
074 0 AP880511-0197 2.790230708837602
075 0 AP880511-0346 1.4290903770943155
075 0 AP880511-0228 1.4276072290341548
075 0 AP880511-0284 1.4266685005277833
075 0 AP880511-0212 1.425914105594851
075 0 AP880511-0328 1.4256895690136282
075 0 AP880511-0039 1.4256317831290328
075 0 AP880511-0202 1.4253715938645282
075 0 AP880511-0188 1.4236926354029844
075 0 AP880511-0264 1.4233442041215134
075 0 AP880511-0332 1.4229979768501824
075 0 AP880511-0329 1.422123194399108
075 0 AP880511-0349 1.4215059116273827
075 0 AP880511-0290 1.419185046786978
075 0 AP880511-0059 1.4179596667182555
075 0 AP880511-0024 1.4166614572835476
075 0 AP880511-0266 1.4134215505950314
075 0 AP880511-0338 1.413411019971234
075 0 AP880511-0067 1.4112911971207376
075 0 AP880511-0226 1.4099742758998526
075 0 AP880511-0340 1.4088439295401958
075 0 AP880511-0169 1.4055470685497937
075 0 AP880511-0197 1.395115354418801
076 0 AP880511-0226 1.7137695791738956
076 0 AP880511-0024 1.6740033863644928
076 0 AP880511-0228 1.6679843118355504
076 0 AP880511-0349 1.6399769087957725
076 0 AP880511-0338 1.6211454136030539
076 0 AP880511-0332 1.6176835975633077
076 0 AP880511-0346 1.6128903896082978
076 0 AP880511-0188 1.6071817518755016
076 0 AP880511-0067 1.5987437419239143
076 0 AP880511-0059 1.5964667227992804
076 0 AP880511-0284 1.4266685005277833
076 0 AP880511-0212 1.425914105594851
076 0 AP880511-0328 1.4256895690136282
076 0 AP880511-0039 1.4256317831290328
076 0 AP880511-0202 1.4253715938645282
076 0 AP880511-0264 1.4233442041215134
076 0 AP880511-0329 1.422123194399108
076 0 AP880511-0290 1.419185046786978
076 0 AP880511-0266 1.4134215505950314
076 0 AP880511-0340 1.4088439295401958
076 0 AP880511-0169 1.4055470685497937
076 0 AP880511-0197 1.395115354418801
077 0 AP880511-0346 1.4290903770943155
077 0 AP880511-0228 1.4276072290341548
077 0 AP880511-0284 1.4266685005277833
077 0 AP880511-0212 1.425914105594851
077 0 AP880511-0328 1.4256895690136282
077 0 AP880511-0039 1.4256317831290328
077 0 AP880511-0202 1.4253715938645282
077 0 AP880511-0188 1.4236926354029844
077 0 AP880511-0264 1.4233442041215134
077 0 AP880511-0332 1.4229979768501824
077 0 AP880511-0329 1.422123194399108
077 0 AP880511-0349 1.4215059116273827
077 0 AP880511-0290 1.419185046786978
077 0 AP880511-0059 1.4179596667182555
077 0 AP880511-0024 1.4166614572835476
077 0 AP880511-0266 1.4134215505950314
077 0 AP880511-0338 1.413411019971234
077 0 AP880511-0067 1.4112911971207376
077 0 AP880511-0226 1.4099742758998526
077 0 AP880511-0340 1.4088439295401958
077 0 AP880511-0169 1.4055470685497937
077 0 AP880511-0197 1.395115354418801
078 0 AP880511-0024 4.204615562121738
078 0 AP880511-0346 1.4290903770943155
078 0 AP880511-0228 1.4276072290341548
078 0 AP880511-0284 1.4266685005277833
078 0 AP880511-0212 1.425914105594851
078 0 AP880511-0328 1.4256895690136282
078 0 AP880511-0039 1.4256317831290328
078 0 AP880511-0202 1.4253715938645282
078 0 AP880511-0188 1.4236926354029844
078 0 AP880511-0264 1.4233442041215134
078 0 AP880511-0332 1.4229979768501824
078 0 AP880511-0329 1.422123194399108
078 0 AP880511-0349 1.4215059116273827
078 0 AP880511-0290 1.419185046786978
078 0 AP880511-0059 1.4179596667182555
078 0 AP880511-0266 1.4134215505950314
078 0 AP880511-0338 1.413411019971234
078 0 AP880511-0067 1.4112911971207376
078 0 AP880511-0226 1.4099742758998526
078 0 AP880511-0340 1.4088439295401958
078 0 AP880511-0169 1.4055470685497937
078 0 AP880511-0197 1.395115354418801
079 0 AP880511-0039 3.60050236613453
079 0 AP880511-0346 1.4290903770943155
079 0 AP880511-0228 1.4276072290341548
079 0 AP880511-0284 1.4266685005277833
079 0 AP880511-0212 1.425914105594851
079 0 AP880511-0328 1.4256895690136282
079 0 AP880511-0202 1.4253715938645282
079 0 AP880511-0188 1.4236926354029844
079 0 AP880511-0264 1.4233442041215134
079 0 AP880511-0332 1.4229979768501824
079 0 AP880511-0329 1.422123194399108
079 0 AP880511-0349 1.4215059116273827
079 0 AP880511-0290 1.419185046786978
079 0 AP880511-0059 1.4179596667182555
079 0 AP880511-0024 1.4166614572835476
079 0 AP880511-0266 1.4134215505950314
079 0 AP880511-0338 1.413411019971234
079 0 AP880511-0067 1.4112911971207376
079 0 AP880511-0226 1.4099742758998526
079 0 AP880511-0340 1.4088439295401958
079 0 AP880511-0169 1.4055470685497937
079 0 AP880511-0197 1.395115354418801
080 0 AP880511-0346 1.4290903770943155
080 0 AP880511-0228 1.4276072290341548
080 0 AP880511-0284 1.4266685005277833
080 0 AP880511-0212 1.425914105594851
080 0 AP880511-0328 1.4256895690136282
080 0 AP880511-0039 1.4256317831290328
080 0 AP880511-0202 1.4253715938645282
080 0 AP880511-0188 1.4236926354029844
080 0 AP880511-0264 1.4233442041215134
080 0 AP880511-0332 1.4229979768501824
080 0 AP880511-0329 1.422123194399108
080 0 AP880511-0349 1.4215059116273827
080 0 AP880511-0290 1.419185046786978
080 0 AP880511-0059 1.4179596667182555
080 0 AP880511-0024 1.4166614572835476
080 0 AP880511-0266 1.4134215505950314
080 0 AP880511-0338 1.413411019971234
080 0 AP880511-0067 1.4112911971207376
080 0 AP880511-0226 1.4099742758998526
080 0 AP880511-0340 1.4088439295401958
080 0 AP880511-0169 1.4055470685497937
080 0 AP880511-0197 1.395115354418801
081 0 AP880511-0328 9.873365515313722
081 0 AP880511-0290 8.663837624733334
081 0 AP880511-0024 6.680384912158998
081 0 AP880511-0266 6.640897148653352
081 0 AP880511-0228 6.624830835902954
081 0 AP880511-0340 6.595296520516271
081 0 AP880511-0202 6.5888667550639575
081 0 AP880511-0284 6.580721286788975
081 0 AP880511-0338 6.572489358258007
081 0 AP880511-0212 6.556122440580318
081 0 AP880511-0329 6.533837115513234
081 0 AP880511-0059 6.5160972090482385
081 0 AP880511-0346 6.513957655222689
081 0 AP880511-0264 6.497946634209055
081 0 AP880511-0349 6.459807986885768
081 0 AP880511-0039 6.4426760437787705
081 0 AP880511-0188 6.375809784136615
081 0 AP880511-0332 6.358821088195701
081 0 AP880511-0169 6.307154493011523
081 0 AP880511-0226 6.21822112603298
081 0 AP880511-0197 6.10795150238487
081 0 AP880511-0067 6.079646521673569
082 0 AP880511-0346 1.4290903770943155
082 0 AP880511-0228 1.4276072290341548
082 0 AP880511-0284 1.4266685005277833
082 0 AP880511-0212 1.425914105594851
082 0 AP880511-0328 1.4256895690136282
082 0 AP880511-0039 1.4256317831290328
082 0 AP880511-0202 1.4253715938645282
082 0 AP880511-0188 1.4236926354029844
082 0 AP880511-0264 1.4233442041215134
082 0 AP880511-0332 1.4229979768501824
082 0 AP880511-0329 1.422123194399108
082 0 AP880511-0349 1.4215059116273827
082 0 AP880511-0290 1.419185046786978
082 0 AP880511-0059 1.4179596667182555
082 0 AP880511-0024 1.4166614572835476
082 0 AP880511-0266 1.4134215505950314
082 0 AP880511-0338 1.413411019971234
082 0 AP880511-0067 1.4112911971207376
082 0 AP880511-0226 1.4099742758998526
082 0 AP880511-0340 1.4088439295401958
082 0 AP880511-0169 1.4055470685497937
082 0 AP880511-0197 1.395115354418801
083 0 AP880511-0024 2.7696069334619224
083 0 AP880511-0284 2.7650530677647325
083 0 AP880511-0290 2.757974767116428
083 0 AP880511-0264 2.751867474089187
083 0 AP880511-0226 2.7465790356232267
083 0 AP880511-0202 2.738218648788845
083 0 AP880511-0212 2.73484334147736
083 0 AP880511-0197 2.731865568056187
083 0 AP880511-0346 2.720267405131377
083 0 AP880511-0340 2.719609312239114
083 0 AP880511-0039 2.7115278155791573
083 0 AP880511-0059 2.7067226412847507
083 0 AP880511-0228 2.704769223776161
083 0 AP880511-0338 2.704297298215356
083 0 AP880511-0266 2.698413169876985
083 0 AP880511-0329 2.693927128615799
083 0 AP880511-0067 2.692049648382361
083 0 AP880511-0349 2.683547699957022
083 0 AP880511-0332 2.6821489644647194
083 0 AP880511-0328 2.5966346458799623
083 0 AP880511-0188 2.5656298024682016
083 0 AP880511-0169 2.4050230088572775
084 0 AP880511-0349 4.3782918826870425
084 0 AP880511-0346 1.8107154201413427
084 0 AP880511-0340 1.4973833546780484
084 0 AP880511-0338 0.0
084 0 AP880511-0332 0.0
084 0 AP880511-0329 0.0
084 0 AP880511-0328 0.0
084 0 AP880511-0290 0.0
084 0 AP880511-0284 0.0
084 0 AP880511-0266 0.0
084 0 AP880511-0264 0.0
084 0 AP880511-0228 0.0
084 0 AP880511-0226 0.0
084 0 AP880511-0212 0.0
084 0 AP880511-0202 0.0
084 0 AP880511-0197 0.0
084 0 AP880511-0188 0.0
084 0 AP880511-0169 0.0
084 0 AP880511-0067 0.0
084 0 AP880511-0059 0.0
084 0 AP880511-0039 0.0
084 0 AP880511-0024 0.0
085 0 AP880511-0346 1.4290903770943155
085 0 AP880511-0228 1.4276072290341548
085 0 AP880511-0284 1.4266685005277833
085 0 AP880511-0212 1.425914105594851
085 0 AP880511-0328 1.4256895690136282
085 0 AP880511-0039 1.4256317831290328
085 0 AP880511-0202 1.4253715938645282
085 0 AP880511-0188 1.4236926354029844
085 0 AP880511-0264 1.4233442041215134
085 0 AP880511-0332 1.4229979768501824
085 0 AP880511-0329 1.422123194399108
085 0 AP880511-0349 1.4215059116273827
085 0 AP880511-0290 1.419185046786978
085 0 AP880511-0059 1.4179596667182555
085 0 AP880511-0024 1.4166614572835476
085 0 AP880511-0266 1.4134215505950314
085 0 AP880511-0338 1.413411019971234
085 0 AP880511-0067 1.4112911971207376
085 0 AP880511-0226 1.4099742758998526
085 0 AP880511-0340 1.4088439295401958
085 0 AP880511-0169 1.4055470685497937
085 0 AP880511-0197 1.395115354418801
086 0 AP880511-0197 2.299846352252991
086 0 AP880511-0328 2.10844036096457
086 0 AP880511-0338 2.0497468157993337
086 0 AP880511-0329 2.0344217369477313
086 0 AP880511-0332 2.0193625326990507
086 0 AP880511-0346 1.9921099387158363
086 0 AP880511-0340 1.874436761275394
086 0 AP880511-0290 1.8653962678609626
086 0 AP880511-0228 1.4276072290341548
086 0 AP880511-0284 1.4266685005277833
086 0 AP880511-0212 1.425914105594851
086 0 AP880511-0039 1.4256317831290328
086 0 AP880511-0202 1.4253715938645282
086 0 AP880511-0188 1.4236926354029844
086 0 AP880511-0264 1.4233442041215134
086 0 AP880511-0349 1.4215059116273827
086 0 AP880511-0059 1.4179596667182555
086 0 AP880511-0024 1.4166614572835476
086 0 AP880511-0266 1.4134215505950314
086 0 AP880511-0067 1.4112911971207376
086 0 AP880511-0226 1.4099742758998526
086 0 AP880511-0169 1.4055470685497937
087 0 AP880511-0328 24.663948115158913
087 0 AP880511-0188 24.059883490188106
087 0 AP880511-0228 21.32818731857278
087 0 AP880511-0039 21.315398563575535
087 0 AP880511-0346 21.289895924036006
087 0 AP880511-0290 21.251663318821688
087 0 AP880511-0284 21.22227984211127
087 0 AP880511-0212 21.212284237225646
087 0 AP880511-0202 21.210445086844555
087 0 AP880511-0059 21.199908278872954
087 0 AP880511-0024 21.199809892369252
087 0 AP880511-0329 21.14478688950461
087 0 AP880511-0264 21.137214033063472
087 0 AP880511-0349 21.133820440287785
087 0 AP880511-0067 21.11617488315454
087 0 AP880511-0266 21.11180565206043
087 0 AP880511-0332 21.106546218144878
087 0 AP880511-0226 21.064159267863122
087 0 AP880511-0340 21.062951297319724
087 0 AP880511-0338 21.037148874090853
087 0 AP880511-0169 20.96911534543235
087 0 AP880511-0197 20.725643457174794
088 0 AP880511-0349 0.0
088 0 AP880511-0346 0.0
088 0 AP880511-0340 0.0
088 0 AP880511-0338 0.0
088 0 AP880511-0332 0.0
088 0 AP880511-0329 0.0
088 0 AP880511-0328 0.0
088 0 AP880511-0290 0.0
088 0 AP880511-0284 0.0
088 0 AP880511-0266 0.0
088 0 AP880511-0264 0.0
088 0 AP880511-0228 0.0
088 0 AP880511-0226 0.0
088 0 AP880511-0212 0.0
088 0 AP880511-0202 0.0
088 0 AP880511-0197 0.0
088 0 AP880511-0188 0.0
088 0 AP880511-0169 0.0
088 0 AP880511-0067 0.0
088 0 AP880511-0059 0.0
088 0 AP880511-0039 0.0
088 0 AP880511-0024 0.0
089 0 AP880511-0226 3.9975730234674307
089 0 AP880511-0228 3.4636477235448773
089 0 AP880511-0024 1.233565802917792
089 0 AP880511-0329 1.195741279264981
089 0 AP880511-0197 1.194028495311576
089 0 AP880511-0059 1.1472603182135905
089 0 AP880511-0212 1.1326969317623377
089 0 AP880511-0346 1.1006892294385835
089 0 AP880511-0188 1.099866469075373
089 0 AP880511-0264 1.0917587892588827
089 0 AP880511-0338 1.0819855000995149
089 0 AP880511-0290 1.0569388343457389
089 0 AP880511-0039 1.0467133192009777
089 0 AP880511-0332 1.0460879265778904
089 0 AP880511-0340 1.0076021426605344
089 0 AP880511-0349 0.8885765081519982
089 0 AP880511-0328 0.7558140094945692
089 0 AP880511-0266 0.6479726603882343
089 0 AP880511-0067 0.6356557989897925
089 0 AP880511-0202 0.5325806257934586
089 0 AP880511-0284 0.4896874333599951
089 0 AP880511-0169 0.0
090 0 AP880511-0024 25.247377492001547
090 0 AP880511-0349 24.396011289721894
090 0 AP880511-0346 24.114968512448378
090 0 AP880511-0340 23.56793679465831
090 0 AP880511-0228 22.443447296920446
090 0 AP880511-0202 22.389503475455555
090 0 AP880511-0284 22.36955565014953
090 0 AP880511-0332 22.291120760387205
090 0 AP880511-0329 22.286027362189845
090 0 AP880511-0290 22.238320208451935
090 0 AP880511-0039 22.191628163647103
090 0 AP880511-0266 22.147584215766265
090 0 AP880511-0264 22.06696536457072
090 0 AP880511-0059 22.058806977653894
090 0 AP880511-0338 21.9912872954879
090 0 AP880511-0188 21.879997712983787
090 0 AP880511-0197 21.847786769970106
090 0 AP880511-0169 21.82718683252847
090 0 AP880511-0067 21.75183068214433
090 0 AP880511-0226 21.60377123397511
090 0 AP880511-0328 21.260196830609303
090 0 AP880511-0212 21.212284237225646
091 0 AP880511-0290 3.6075915289833604
091 0 AP880511-0226 1.6283147085392293
091 0 AP880511-0024 1.6238914194805254
091 0 AP880511-0228 1.5820631948960044
091 0 AP880511-0067 1.5455506682673936
091 0 AP880511-0059 1.526980000898408
091 0 AP880511-0188 1.5095742095108795
091 0 AP880511-0346 1.4664306572295722
091 0 AP880511-0338 1.4571289881253962
091 0 AP880511-0349 1.4512086746728163
091 0 AP880511-0332 1.3792601629554502
091 0 AP880511-0039 1.3565535997690679
091 0 AP880511-0340 1.3391362837569838
091 0 AP880511-0266 1.3239039437299804
091 0 AP880511-0328 1.3005428644185137
091 0 AP880511-0169 1.29145638573524
091 0 AP880511-0202 1.2552427727411588
091 0 AP880511-0212 1.2494867588977268
091 0 AP880511-0284 1.2489208347223064
091 0 AP880511-0329 1.235062167917095
091 0 AP880511-0264 1.21039517536229
091 0 AP880511-0197 1.194028495311576
092 0 AP880511-0226 1.920409900052579
092 0 AP880511-0340 1.8343042601950077
092 0 AP880511-0349 0.0
092 0 AP880511-0346 0.0
092 0 AP880511-0338 0.0
092 0 AP880511-0332 0.0
092 0 AP880511-0329 0.0
092 0 AP880511-0328 0.0
092 0 AP880511-0290 0.0
092 0 AP880511-0284 0.0
092 0 AP880511-0266 0.0
092 0 AP880511-0264 0.0
092 0 AP880511-0228 0.0
092 0 AP880511-0212 0.0
092 0 AP880511-0202 0.0
092 0 AP880511-0197 0.0
092 0 AP880511-0188 0.0
092 0 AP880511-0169 0.0
092 0 AP880511-0067 0.0
092 0 AP880511-0059 0.0
092 0 AP880511-0039 0.0
092 0 AP880511-0024 0.0
093 0 AP880511-0188 22.82590357446678
093 0 AP880511-0024 22.710820817362492
093 0 AP880511-0059 22.685985762778266
093 0 AP880511-0226 22.44329781670242
093 0 AP880511-0346 21.390499958412885
093 0 AP880511-0228 21.377561553080504
093 0 AP880511-0284 21.37498752835762
093 0 AP880511-0039 21.370809837766096
093 0 AP880511-0328 21.363228273741534
093 0 AP880511-0212 21.355926644995996
093 0 AP880511-0202 21.34802634903582
093 0 AP880511-0264 21.347770784219094
093 0 AP880511-0329 21.315646024517935
093 0 AP880511-0332 21.304879155651143
093 0 AP880511-0290 21.276553534284606
093 0 AP880511-0349 21.261453458815648
093 0 AP880511-0338 21.1923845729499
093 0 AP880511-0266 21.162410934477453
093 0 AP880511-0067 21.16175557025559
093 0 AP880511-0340 21.12900165095252
093 0 AP880511-0169 20.99687767238088
093 0 AP880511-0197 20.92673031628202
094 0 AP880511-0349 0.0
094 0 AP880511-0346 0.0
094 0 AP880511-0340 0.0
094 0 AP880511-0338 0.0
094 0 AP880511-0332 0.0
094 0 AP880511-0329 0.0
094 0 AP880511-0328 0.0
094 0 AP880511-0290 0.0
094 0 AP880511-0284 0.0
094 0 AP880511-0266 0.0
094 0 AP880511-0264 0.0
094 0 AP880511-0228 0.0
094 0 AP880511-0226 0.0
094 0 AP880511-0212 0.0
094 0 AP880511-0202 0.0
094 0 AP880511-0197 0.0
094 0 AP880511-0188 0.0
094 0 AP880511-0169 0.0
094 0 AP880511-0067 0.0
094 0 AP880511-0059 0.0
094 0 AP880511-0039 0.0
094 0 AP880511-0024 0.0
095 0 AP880511-0349 0.0
095 0 AP880511-0346 0.0
095 0 AP880511-0340 0.0
095 0 AP880511-0338 0.0
095 0 AP880511-0332 0.0
095 0 AP880511-0329 0.0
095 0 AP880511-0328 0.0
095 0 AP880511-0290 0.0
095 0 AP880511-0284 0.0
095 0 AP880511-0266 0.0
095 0 AP880511-0264 0.0
095 0 AP880511-0228 0.0
095 0 AP880511-0226 0.0
095 0 AP880511-0212 0.0
095 0 AP880511-0202 0.0
095 0 AP880511-0197 0.0
095 0 AP880511-0188 0.0
095 0 AP880511-0169 0.0
095 0 AP880511-0067 0.0
095 0 AP880511-0059 0.0
095 0 AP880511-0039 0.0
095 0 AP880511-0024 0.0
096 0 AP880511-0349 0.0
096 0 AP880511-0346 0.0
096 0 AP880511-0340 0.0
096 0 AP880511-0338 0.0
096 0 AP880511-0332 0.0
096 0 AP880511-0329 0.0
096 0 AP880511-0328 0.0
096 0 AP880511-0290 0.0
096 0 AP880511-0284 0.0
096 0 AP880511-0266 0.0
096 0 AP880511-0264 0.0
096 0 AP880511-0228 0.0
096 0 AP880511-0226 0.0
096 0 AP880511-0212 0.0
096 0 AP880511-0202 0.0
096 0 AP880511-0197 0.0
096 0 AP880511-0188 0.0
096 0 AP880511-0169 0.0
096 0 AP880511-0067 0.0
096 0 AP880511-0059 0.0
096 0 AP880511-0039 0.0
096 0 AP880511-0024 0.0
097 0 AP880511-0349 0.0
097 0 AP880511-0346 0.0
097 0 AP880511-0340 0.0
097 0 AP880511-0338 0.0
097 0 AP880511-0332 0.0
097 0 AP880511-0329 0.0
097 0 AP880511-0328 0.0
097 0 AP880511-0290 0.0
097 0 AP880511-0284 0.0
097 0 AP880511-0266 0.0
097 0 AP880511-0264 0.0
097 0 AP880511-0228 0.0
097 0 AP880511-0226 0.0
097 0 AP880511-0212 0.0
097 0 AP880511-0202 0.0
097 0 AP880511-0197 0.0
097 0 AP880511-0188 0.0
097 0 AP880511-0169 0.0
097 0 AP880511-0067 0.0
097 0 AP880511-0059 0.0
097 0 AP880511-0039 0.0
097 0 AP880511-0024 0.0
098 0 AP880511-0349 0.0
098 0 AP880511-0346 0.0
098 0 AP880511-0340 0.0
098 0 AP880511-0338 0.0
098 0 AP880511-0332 0.0
098 0 AP880511-0329 0.0
098 0 AP880511-0328 0.0
098 0 AP880511-0290 0.0
098 0 AP880511-0284 0.0
098 0 AP880511-0266 0.0
098 0 AP880511-0264 0.0
098 0 AP880511-0228 0.0
098 0 AP880511-0226 0.0
098 0 AP880511-0212 0.0
098 0 AP880511-0202 0.0
098 0 AP880511-0197 0.0
098 0 AP880511-0188 0.0
098 0 AP880511-0169 0.0
098 0 AP880511-0067 0.0
098 0 AP880511-0059 0.0
098 0 AP880511-0039 0.0
098 0 AP880511-0024 0.0
099 0 AP880511-0346 1.4290903770943155
099 0 AP880511-0228 1.4276072290341548
099 0 AP880511-0284 1.4266685005277833
099 0 AP880511-0212 1.425914105594851
099 0 AP880511-0328 1.4256895690136282
099 0 AP880511-0039 1.4256317831290328
099 0 AP880511-0202 1.4253715938645282
099 0 AP880511-0188 1.4236926354029844
099 0 AP880511-0264 1.4233442041215134
099 0 AP880511-0332 1.4229979768501824
099 0 AP880511-0329 1.422123194399108
099 0 AP880511-0349 1.4215059116273827
099 0 AP880511-0290 1.419185046786978
099 0 AP880511-0059 1.4179596667182555
099 0 AP880511-0024 1.4166614572835476
099 0 AP880511-0266 1.4134215505950314
099 0 AP880511-0338 1.413411019971234
099 0 AP880511-0067 1.4112911971207376
099 0 AP880511-0226 1.4099742758998526
099 0 AP880511-0340 1.4088439295401958
099 0 AP880511-0169 1.4055470685497937
099 0 AP880511-0197 1.395115354418801
100 0 AP880511-0202 4.543453067765696
100 0 AP880511-0284 4.393284235592984
100 0 AP880511-0290 2.7910355430708984
100 0 AP880511-0039 2.768518473728698
100 0 AP880511-0024 2.76385370648519
100 0 AP880511-0067 2.761776934029484
100 0 AP880511-0340 2.744322921146762
100 0 AP880511-0226 2.737921853914286
100 0 AP880511-0059 2.735651231135704
100 0 AP880511-0228 2.7327464586969406
100 0 AP880511-0188 2.7325240530558275
100 0 AP880511-0328 2.7041171719692594
100 0 AP880511-0266 2.698413169876985
100 0 AP880511-0346 2.66586532380806
100 0 AP880511-0338 2.6540248878462016
100 0 AP880511-0212 2.6426159255658073
100 0 AP880511-0329 2.6409834708475186
100 0 AP880511-0264 2.6313471018802015
100 0 AP880511-0169 2.610675098419006
100 0 AP880511-0349 2.593108373536718
100 0 AP880511-0197 2.589143849730377
100 0 AP880511-0332 2.567482021990916
