EPSILONS,DELTAS,MAPS,RECALLS,TOTAL_CLUSTERS,CLUSTERS_RETRIEVED,NUM_DOCS_RETRIEVED
0.0001,0.07,0.0034116664691600743,0.008705926953014736,57,6.56,13.62
0.040080000000000005,0.07,0.007074992115667884,0.013356347679545376,168,9.32,24.12
0.08006,0.07,0.020809627132088098,0.033197788127786426,426,14.14,111.96
0.12004000000000001,0.07,0.021074451522030954,0.02801838852705853,144,6.88,129.46
0.16002,0.07,0.017075154743915265,0.03039655373065341,23,3.48,1209.6
0.2,0.07,0.041633668101790276,0.07221816529741883,4,2.22,4776.44
0.3,0.07,0.0460812264297824,0.07802644424114984,2,1.3,5375.2
0.6499999999999999,0.07,0.057013414874342166,0.09286266232581043,1,1.0,5973.0
1.0,0.07,0.057013414874342166,0.09286266232581043,1,1.0,5973.0
