EPSILONS,DELTAS,MAPS,RECALLS,TOTAL_CLUSTERS,CLUSTERS_RETRIEVED,NUM_DOCS_RETRIEVED
0.16,0.0,0.02022559795114421,0.03693318878962037,23,1.0,132.14
0.16,0.022222222222222223,0.03020681907640999,0.049863849869440514,23,1.5,364.44
0.16,0.044444444444444446,0.04057822479432259,0.08168862676477154,23,2.18,620.22
0.16,0.06666666666666667,0.049630869573662806,0.10007210795929335,23,3.28,1096.46
0.16,0.08888888888888889,0.05598451963076076,0.11247914134731296,23,4.72,2029.98
0.16,0.11111111111111112,0.06780226234604896,0.14153517532705143,23,6.58,2851.62
0.16,0.13333333333333333,0.08972247009879061,0.16812351353738358,23,8.46,3543.4
0.16,0.15555555555555556,0.09594173677334195,0.18380025197929242,23,10.66,4050.68
0.16,0.17777777777777778,0.11559589214591628,0.21054123510726314,23,12.96,4653.66
0.16,0.2,0.139181873439823,0.24908651274478974,23,14.78,5018.9
