CLUSTER_COUNTS,DELTAS,MAPS,RECALLS,CLUSTERS_RETRIEVED,NUM_DOCS_RETRIEVED
50,0.0,0.1340532265204913,0.17745136882042206,1.0,118.8
50,0.022222222222222223,0.12728861183429252,0.18219092539470433,2.28,263.1
50,0.044444444444444446,0.1393650355873599,0.2151529924261003,4.18,499.5
50,0.06666666666666667,0.14487352321851965,0.23691590113326244,7.22,877.88
50,0.08888888888888889,0.1445668847443538,0.24444945810171897,12.32,1519.26
50,0.11111111111111112,0.14480497874309645,0.24482719481173518,17.06,2068.2
50,0.13333333333333333,0.14590735396659055,0.2533780085947556,23.0,2836.32
50,0.15555555555555556,0.1482614648701504,0.2630723435286216,28.02,3420.88
50,0.17777777777777778,0.14721904441838024,0.26274516536970915,32.82,4012.1
50,0.2,0.14714373067350542,0.2632853583536129,37.6,4557.06
